1
74293 22034 92864 73046 56877 6890 75268 34998 31827 82076 65960 26497 51265 5270 94893 95691 88685 47300 78378 39612 54253 91197 52383 47979 47726 7281 86886 38749 73309 68113 66962 12628 22017 54333 74523 18084 90495 81989 47351 27316 53373 7747 67620 18035 79415 43964 33747 25671 70544 30514 26827 7333 43742 62002 34502 37046 25815 23796 23873 52980 74966 4157 39498 34895 84675 81918 21053 57747 53467 44803 27279 67429 28935 42061 44234 28867 89682 23131 925 56544 62603 65597 36065 1998 93627 27296 10328 44147 82380 86954 41440 71513 20608 7339 25195 71740 9539 11027 87788 19705 
2
59641 6204 60654 97452 48855 10576 43446 67370 80575 62079 23006 5099 46538 26675 94977 101047 101981 85006 15277 80345 11086 55065 54150 58255 38207 64451 892 33432 21616 53305 60527 72760 5101 70388 53306 4216 77325 58801 65406 71940 21549 92054 46655 39874 24224 55724 8515 74123 24624 23502 46435 2868 23113 92096 81435 94100 73660 94545 25626 36359 21912 35394 90737 40422 80873 70501 84881 30858 39509 50838 15792 4969 69919 38417 59209 89069 47748 60649 1441 49617 11947 34302 59991 58397 48761 90147 73220 9244 70532 1690 30084 31419 37864 42302 74855 50000 90152 77578 62902 4148 
3
1549 51226 63037 56213 67065 32852 79508 15960 74996 61083 56728 51499 81495 73078 21608 59367 47238 6090 35089 70020 13625 83657 36922 97178 36996 2530 87537 60558 43875 60269 15623 67681 49920 48613 60824 5652 35899 54359 99176 82637 61842 67797 66733 32583 52997 51893 25331 31288 94012 100241 5977 41187 92763 28029 13880 87151 96445 38360 79385 22794 7586 5169 92202 85290 21242 32567 54725 42409 96414 42629 42213 2127 65656 83816 61604 31870 53004 18041 68768 82849 98195 65627 46756 28283 44711 42737 5110 73982 92985 42671 18279 23594 94292 16242 69672 62361 81476 74923 16785 80252 
4
20739 59516 26552 68499 29784 94676 44550 15406 23096 31770 23744 10903 30659 70412 41816 39226 66967 59307 66217 77254 33496 56138 33581 84815 90567 94466 8086 47817 26071 99247 33345 87576 13345 72758 33773 15046 66973 90679 81315 55820 83617 12093 99688 27277 17756 53632 42207 56068 7569 98408 5057 44104 23642 97116 28848 67778 26743 92110 11092 49591 9955 50667 63661 64204 46198 31614 6204 48858 15173 45861 29190 3227 19195 63276 15931 101576 80592 9569 83774 90281 62454 887 49272 52316 75627 70263 99103 32229 22597 2015 25511 27836 10991 90399 2649 77881 55095 53876 37975 67757 
5
44233 18473 51879 29583 101267 45477 37496 86564 32449 58333 88633 100767 91683 75234 54090 18024 53454 5823 52672 83657 92645 32557 80460 53789 47309 76445 25028 95244 70173 75748 59579 47807 65366 45977 47134 72207 90536 100919 44244 31263 11806 75814 21404 45950 33548 29982 62947 26702 94135 79860 71050 54204 4885 49258 29331 80188 87577 51291 6792 9572 93331 88817 59305 15521 59954 24132 24789 1921 72089 72022 75822 76757 98406 100620 60262 98789 71644 27055 60695 35693 97767 55432 60511 98197 73992 72305 92196 439 2384 9880 30221 346 15529 3007 45055 85554 81300 39322 58352 77934 
6
31505 58114 81473 73719 101457 34918 38602 13454 16548 70706 96680 25182 69733 34481 100311 64872 48109 64167 25386 82787 85877 72071 78023 89627 60762 20478 15699 67188 63991 25267 20936 304 100850 30661 25707 4984 3384 56079 82025 45866 67295 88227 44434 9970 38404 59302 96521 100314 14867 67621 63087 33620 47711 101894 11625 77274 69842 9011 50172 13426 4346 70538 1565 53284 28258 98594 19199 90524 15108 9931 64526 83028 42917 68646 51691 72841 76348 10616 43916 81347 44024 67055 14141 15415 27328 24705 52426 12507 22926 5998 54417 92847 54064 70715 355 22841 44142 16805 49012 77465 
7
86905 80751 4134 5872 91575 69022 66006 6094 53338 51539 47259 38389 26202 59621 57147 62328 55403 101947 98815 12891 74879 65779 27198 93400 99533 95772 97014 94393 44979 101554 27961 80076 86904 83796 36028 1571 14683 68250 1426 97142 63002 46750 6281 91150 75792 93260 38775 14309 2997 15207 6655 94517 35569 99861 51678 50781 13786 86460 47885 48673 22660 66564 48138 6349 5336 15035 74666 77148 24303 75100 56497 88391 23885 43351 11441 76554 81807 53503 18223 79589 36843 41247 42785 25614 34484 84262 22889 36144 5088 98383 85030 18124 9635 55317 74326 99703 46962 89221 76551 43838 
8
19299 75676 41588 26340 12463 58498 41213 43542 44750 63974 101294 95646 40543 60203 63131 65062 96656 75172 65605 76198 7965 71564 6840 92273 62031 30611 84397 23217 95033 27159 85289 26086 14404 26595 99867 74331 67323 16800 21285 79590 68398 33874 24396 31667 89450 7748 89130 49116 81081 5892 22234 16665 23847 75173 68946 74475 82329 21200 38412 49964 84150 35851 99446 40115 1033 73249 96783 20989 10751 86490 30699 53446 62899 92813 94689 5839 28759 74442 59370 90763 4345 70867 84888 35902 37837 33324 27336 38624 47568 88618 79084 19475 70645 81399 21741 36368 55728 79817 39219 1793 
9
37562 49954 90800 72172 14171 6370 71155 71107 78864 59993 41033 13708 40889 30886 9403 47181 82080 76634 254 60135 26152 14915 22411 96087 16649 14045 425 51188 38442 42129 61124 97448 82289 11744 32840 19912 37040 80548 80945 45123 98359 86412 51650 23126 92997 29234 98816 25643 54610 3578 66085 101822 47403 23008 16577 100835 76842 19284 84918 87762 9510 10344 34130 47738 77934 35733 26137 28234 35576 17158 77603 89768 40672 69615 72431 1586 87570 53773 15707 63905 32999 26448 13595 9781 73109 63789 25869 52126 4743 82207 97132 212 11564 55168 9345 95671 74241 44359 83579 79470 
10
62669 100039 89310 68143 22153 27514 38324 14661 97633 77557 44418 57246 24098 46736 93026 83734 34376 36011 48174 22478 24980 13455 54899 81062 2319 4924 61685 85505 3557 100374 3982 9386 77400 11911 96349 98851 49385 24769 4693 57163 88009 30755 1129 67478 86398 71018 26731 28976 67176 75387 99440 8827 74080 14136 83162 59013 61197 63337 71035 50621 54650 11886 8616 14349 90021 26453 42291 6216 7620 55688 49677 83630 42613 82437 64398 31688 33209 22602 63366 31432 98359 12708 17171 80807 26963 97132 58103 11770 101187 65263 64691 50844 4537 71022 10596 19318 90664 57648 82194 47071 
11
69757 11764 84781 52676 40914 4382 28132 49015 31079 98105 71161 80780 92848 10339 79476 38330 69844 19936 75024 10804 4025 5560 87659 20101 93251 98429 90485 11438 60906 85315 54678 37715 93228 33681 82125 41681 16313 90489 4913 13982 91669 99672 10306 77297 38623 83304 94669 16057 11730 40072 74294 9929 101065 75444 25422 88258 36877 24523 96734 73471 60079 91845 29652 57346 82607 21888 66544 97243 20956 93660 56775 12421 84455 42313 13582 97228 47363 40586 16498 83522 75291 7459 60903 38082 92408 22168 12982 80898 92894 21886 63791 91465 65273 27075 42730 19994 1189 39339 40626 89243 
12
69812 32366 65887 64076 86332 39011 81546 74181 94522 63294 77297 60031 47985 61869 19191 12421 56775 31617 50292 45691 64724 47380 31398 11848 2890 51205 4417 14402 84283 31686 16967 946 50465 17109 55335 27350 96544 43454 81937 56911 100672 65200 97807 30006 67094 56803 9470 32955 12013 58990 96631 17986 70021 45356 90044 9568 97445 53126 35290 85234 22965 9455 76741 35003 97443 26649 15410 41805 22896 67909 6178 54145 39847 75799 18652 38946 46990 84876 96866 82991 50728 7654 62913 81834 84798 24368 16330 61665 8919 31415 39144 72577 55718 96300 99668 76162 90885 100113 98272 42294 
13
81459 21719 31948 4331 38674 71354 19855 66165 24255 61507 59105 91332 57627 92451 46373 16997 41465 615 23455 88135 18157 70208 1555 8612 9303 19849 13766 1075 29020 87942 28682 36319 85601 84923 90982 73015 95870 54519 89588 10467 16807 37008 70242 56510 17084 21593 89036 7315 99745 37211 29174 6505 42202 51405 21743 43441 69158 13283 9313 70168 13084 61718 76243 88749 84709 6150 74598 77660 39034 32228 18921 91412 85374 89275 28709 98359 8394 22818 75810 19091 92995 100396 78318 101856 21792 50756 26453 57666 53750 76241 32730 8317 37859 37286 30977 6705 87911 1941 42412 54938 
14
9259 48638 77317 26746 680 87227 31418 10015 38261 48098 98804 45008 73773 56066 764 34739 1349 15641 40165 78601 10995 65968 3823 16032 24968 97781 1865 17917 39605 53724 42638 11715 37303 14665 42130 21799 77850 40346 47828 73710 99805 16991 69947 35661 12181 46416 47589 17973 97911 73665 85128 47625 37118 101676 70373 78368 28414 91497 37800 32528 33141 421 63736 100570 72206 85281 76099 30293 76102 63564 13421 9530 58656 67077 78952 89052 60554 9353 88951 57223 33593 17529 92943 9723 94236 63292 70678 58690 63558 67717 99689 55335 4059 61404 101669 41486 91743 57230 8742 45972 
15
49234 55333 59865 96534 46481 62584 9377 43974 43080 50532 56243 18559 84442 84444 59779 54124 90871 40180 82207 74401 76474 64671 29099 95889 64606 35238 42332 3518 22989 23536 92712 25627 34927 31763 27267 12622 41518 4714 6453 39469 33834 67633 91972 49128 17664 59722 91518 82777 72763 31689 75983 53799 55378 27843 100453 33328 476 69974 77534 3665 16193 39663 27754 44582 36025 85210 15857 759 25531 11784 28308 85884 101450 63116 44178 20129 53525 935 66881 85886 91854 37273 76667 97949 41684 48943 83405 85243 38478 80790 9857 97242 59272 37150 50326 1862 68856 49348 6963 87806 
16
93012 98809 36510 18505 43135 77519 56853 51336 3209 68146 3169 29836 28060 94662 99504 36272 37738 29988 47283 94960 99639 91799 58261 16825 28764 49162 25596 21915 8621 67209 73060 21946 75101 47857 32372 93057 99055 53988 77344 15472 48781 82082 50141 99141 28001 52981 37034 13106 48342 68412 84310 67350 36142 24819 28713 4554 65475 81526 42919 100549 14238 36225 73630 29194 30866 40313 71728 77500 91482 5933 53125 75783 16208 14082 59099 39274 89515 14480 38047 13192 65464 26259 62957 19985 62564 77119 20959 38561 76183 46607 7298 82798 10737 23337 50189 88543 73973 23942 58400 45360 
17
99421 63148 55816 58077 55393 71222 71764 101180 36444 67688 30933 80895 48546 3938 37416 78661 69110 101189 71556 57351 28306 23215 55652 22886 46944 3109 48107 62225 21592 97419 34287 59512 80519 45277 29124 7225 44338 97359 76523 91001 77741 42594 39810 16528 60769 92508 19770 5494 46569 41821 13298 44816 76299 98954 90328 30972 24480 80666 6790 7169 54409 68743 33674 45473 4312 19465 8605 48523 78037 99104 18333 68740 18357 48332 49068 20508 31421 52936 72926 93194 81189 6272 92816 5463 4746 41142 12059 96712 20848 77888 22703 75371 4612 20240 52010 35639 91054 100066 84400 6940 
18
88584 50864 85897 101127 31389 88056 26189 16916 38998 24488 99874 90684 26805 32192 16706 101610 39461 19169 24714 63730 38759 48136 36905 75439 14776 89808 27809 13203 6435 86430 63323 77282 7309 42302 87303 97177 21842 1968 29809 7271 19217 96444 101048 17742 30769 20058 64156 101337 34622 19154 9397 99414 91947 1724 29808 2952 78364 94932 42218 48429 76751 48785 48277 42515 97397 57541 90152 17049 68868 49572 73880 38325 39650 22023 25209 46968 77181 20545 50776 10841 25553 88579 62252 100927 53173 56662 20485 89725 54232 101245 30994 17726 44478 100975 78088 78398 89619 63952 61944 74332 
19
68022 59978 86311 75018 46470 78628 66401 14107 63513 52579 60414 23772 78227 59166 3135 92057 90964 12779 63581 97874 69687 60826 30076 70253 62015 93698 20511 61675 77719 67827 64029 79006 44187 100395 11762 29827 48225 63113 20658 62451 88676 33096 2944 21110 20450 77533 57696 40725 66805 321 84666 54904 30577 24444 89355 95253 42293 26235 96730 56158 47373 54955 44683 83648 24292 86313 28797 2232 33808 76502 70043 29366 92195 57410 82981 36161 101269 71738 63897 91116 32984 53387 20381 27642 71821 5301 32938 43733 11919 45797 51219 77678 10228 2461 70016 87032 44323 1882 44971 22096 
20
81652 88191 89487 50216 82479 98654 63072 79236 31080 2793 50015 9023 92939 4534 22837 61527 64998 43166 45228 88973 98723 51319 53695 10366 33936 7287 76178 49988 16896 85831 81215 96283 25698 90022 27949 63917 39030 97618 65010 78877 20852 75726 3039 92593 46719 14242 15090 90232 72409 29501 83305 63000 8682 4577 40279 68889 24111 4631 36810 53118 5935 66322 36621 58729 5067 42202 45170 68736 73129 13525 6220 32284 29878 1911 56527 20414 85836 39084 78861 29719 24848 42115 4653 9430 10405 13197 66435 59186 67999 41284 78251 17769 75136 28072 84928 55446 39450 6534 3746 52279 
