1
47114 92864 31329 56877 73046 23131 44803 2488 55331 84073 86464 81464 73538 52383 35371 71716 17149 427 1102 68090 28716 53467 31827 34535 67459 85622 43742 35857 4036 63027 96678 78064 62963 32967 60105 40407 18129 12117 31558 88685 11490 65951 44635 47138 75268 40629 41080 99875 44987 19339 1382 92170 74293 21328 88180 68545 39484 5697 45852 38708 45670 33579 83803 61269 48837 27135 90910 65112 98007 70053 56181 64709 30361 89773 7333 27316 64980 2235 52508 10245 925 35603 94596 30305 47183 23796 95431 31656 72249 38962 76592 26141 84712 78300 9558 95996 31051 25729 28657 62788 
2
48855 60654 97452 6204 59641 101047 1690 11947 61410 55724 43446 58255 18237 53305 60587 36359 85006 80575 4216 5099 29880 71943 67370 16587 51949 18474 44505 7526 79746 96645 65803 84893 52447 38894 54361 51097 59577 98658 91647 7605 53725 2033 89322 77795 77637 46432 33515 89554 89522 94100 90147 63065 19822 78909 35102 52144 34541 64018 59076 28775 25692 90946 52439 20162 93934 91574 7582 96178 5321 39721 17623 14448 97412 3567 31555 4524 36125 5354 9607 70026 23326 6769 90921 13868 63720 83289 90976 68505 47955 97370 96039 34302 79424 88051 339 50678 52172 69152 10189 64857 
3
67065 63037 1549 56213 51226 83752 65627 31947 43875 70236 69672 53004 49264 98895 28517 26528 31383 47238 100829 55626 60269 9724 25051 82119 62490 54601 32567 101243 29408 88021 82582 97178 97678 6090 43816 35821 42650 80428 98122 22794 4885 52988 83731 56797 39677 45101 81914 87537 87151 21947 24808 16242 88501 85784 100211 67681 6626 5110 66425 32071 15960 2595 35862 49920 29961 82060 6417 36922 82671 77502 84237 76278 16832 46727 28498 101836 97078 18241 61083 5652 35089 87879 23594 79601 79508 1971 83657 20309 54995 12709 58927 90357 73492 88105 41201 21151 90845 32725 13625 94117 
4
59516 26552 9955 29784 68499 41816 28848 63276 75627 39548 20739 60933 72987 87576 86813 101146 44550 19195 70263 11092 15406 72758 70412 30659 10903 10292 15931 62216 94466 48858 30305 55340 41215 90679 27836 32229 15046 88621 94676 69735 28198 46673 42577 59307 92414 46198 45206 99247 23801 23744 12093 29169 8086 66967 13613 68037 6176 37942 3227 92110 5057 66973 101576 99230 46446 23096 84815 622 97116 48712 98408 55820 43192 96610 44104 31770 27197 31280 21730 29798 52316 12560 26743 87174 66217 52993 63661 10898 77881 53876 45861 82312 90567 69367 12252 69654 73387 50297 22902 82614 
5
18473 101267 44233 51879 29583 32557 37496 6792 47309 45055 88633 53454 82035 3007 91683 4885 75814 58333 32449 60695 4613 70173 80460 32934 54090 53789 33548 27055 58352 23547 746 49258 75234 2820 40134 65723 59579 100767 21404 11806 79860 91035 5823 9494 38025 45477 59954 37025 16362 5009 72305 74128 57486 37372 99428 85554 60262 24899 54204 11626 55627 19164 30221 72207 26702 47407 95047 52672 18598 87577 43840 31263 65366 19772 23991 21317 86584 29331 36347 95125 101169 52409 36871 87557 9858 26528 31383 4438 90166 20705 81610 88152 79955 47134 23009 62241 14916 73960 49092 47021 
6
73719 31505 58114 81473 101457 82787 4984 16548 34481 56079 85877 38602 77274 304 64872 52426 13454 25707 100850 355 19199 69733 96521 20936 25182 9931 45866 42917 15699 72071 89627 34918 50172 47711 78023 4346 1565 12972 48109 63991 9970 15415 44434 14867 67295 5998 22841 70706 79696 59302 87552 81347 44142 44226 63087 64167 67621 25267 84315 25386 40594 93266 100311 43916 39576 70715 83149 30661 100314 82025 53284 69799 77689 98594 67188 38404 13426 11625 96680 47750 97826 85740 95677 70538 91873 69842 90338 101894 51691 98747 20478 42764 22608 13344 72841 76348 85267 87822 17403 58368 
7
80751 4134 5872 33439 91575 97111 87035 74666 57147 87696 98074 34449 23263 6094 101346 380 35110 87346 31649 44021 30922 1571 74326 35691 66564 93838 86905 15209 29486 94517 13389 71812 56439 70762 48412 5336 84868 68058 53294 48138 99703 5368 2578 89863 22813 40805 41566 55684 100295 12891 61823 99505 88896 62328 40221 88161 53905 24445 25901 81009 82065 91207 94393 100440 56380 98383 87922 66538 46750 42706 18124 34484 77379 93400 93260 83311 1969 57943 63659 84737 93506 38389 68466 23656 66006 73190 82528 47885 69022 62237 34727 37931 61120 56497 31428 39816 3614 73711 14683 27214 
8
19299 75676 7965 99164 20989 12463 67323 26340 95033 79590 51454 92273 41588 27159 58498 30611 21200 74331 43542 41213 23217 5892 22234 79817 6840 44750 63974 83347 65062 75172 16800 26595 51632 63131 23847 96656 28759 71564 28374 92073 7748 94569 99446 35851 33874 49169 38412 96783 59761 34551 27885 18627 62031 4345 95485 59843 84397 45291 39072 83523 49116 99742 11846 81399 14404 21285 76198 16665 34329 5500 75902 59370 82329 74475 99867 9046 2237 8798 90269 88618 70645 40115 59094 95646 53246 84888 24396 39219 91231 89450 31667 62790 97132 34014 60203 40142 73347 42258 90163 42878 
9
37562 16649 14045 14171 90800 6370 19912 76634 22411 72172 66085 101822 49954 23126 78864 26137 13708 97448 45123 51188 92997 32840 47403 17850 72431 9345 30886 82207 5221 97132 59993 254 53773 4743 97729 76842 212 11564 33288 15707 63905 25643 19494 23008 86535 98816 25869 38414 13595 71155 71107 61124 38442 42129 9403 101862 45177 98359 52126 76366 41387 13348 84448 40672 31212 28234 41033 77603 40889 16577 79564 31378 97229 78427 69615 27865 72087 8049 84064 82839 64219 92014 37040 80945 80548 72036 14476 95671 14915 51650 17341 53601 11744 26845 54610 34010 9510 10344 96087 22663 
10
57246 44418 22153 89310 27514 46736 61685 96349 83734 68143 97633 14661 93026 34376 38324 36011 48174 3982 62669 100039 22478 24980 2319 4924 98851 77557 57163 24098 49385 13455 88009 77400 11911 81062 24769 1129 67478 86398 8827 74080 59013 100374 6216 7620 22602 75387 99440 26453 61197 55688 54899 67176 98359 83162 14136 65263 80807 4537 8616 14349 11770 85505 4693 90664 30755 71035 90021 31432 26963 3557 9386 11886 58103 14390 54650 57648 85123 82437 63366 50844 63337 56713 44792 83630 42613 10596 71022 101187 97153 64398 98816 50621 1883 28062 101514 12708 17171 44729 86761 19318 
11
69757 11764 52676 40914 87659 84781 10804 92848 94669 71161 80780 28132 49015 9929 4382 31079 101065 93228 10339 96734 24523 90485 20101 37715 16313 91669 82607 99672 79476 21888 97243 33681 90489 98429 60906 4913 13982 47363 38330 54678 98105 5560 83522 93251 75291 7459 19936 60903 75024 83304 92894 21886 4025 63791 60079 11438 29652 36877 20956 93660 1189 39339 73471 74294 66544 40165 97228 75444 52612 97524 68147 91845 63792 77474 86992 25319 85637 6537 97231 45294 16498 6099 13582 38623 50728 82991 92408 40072 88482 12496 40788 11730 4226 10306 99438 56775 12421 77297 16057 27083 
12
69812 32366 65887 64076 86332 95938 42452 71139 35209 41805 92990 13810 55346 5931 45356 25970 52725 46460 68432 3280 93565 11502 19662 64663 43273 90438 99894 83900 63294 69449 47947 99998 91662 96230 18221 57232 59073 43450 29565 89530 23353 71321 35085 76339 51570 7292 81277 98397 24745 5422 89446 46015 26641 84529 27274 31753 48242 45123 81042 91100 62671 51882 98562 77874 97350 68309 2259 15092 94046 99634 3637 10254 55521 93566 56611 
13
81459 21719 31948 38674 4331 61718 13084 19849 13766 46373 71354 95870 73015 84923 75810 99745 29020 101856 9303 7315 23455 85601 70208 8317 37859 37008 70168 16997 39034 37211 59105 21593 6505 54938 42202 89588 79744 91332 54519 18157 77660 22818 84709 88749 17084 21792 74598 69158 61507 29174 36319 28682 85374 32228 92451 13283 87911 66165 24255 615 50756 30977 8161 6705 6150 92997 21743 32730 42412 19855 51405 57627 41465 89275 28709 89511 11443 25643 21923 98131 10467 16807 9313 1941 11277 527 57934 63613 31925 20751 98359 70166 76241 90982 53750 31459 28676 73915 8394 2612 
14
26746 9259 73710 99805 77317 87227 10015 3823 22663 680 78368 28414 1865 48098 38261 17973 11715 33593 14665 70373 31418 63564 77850 63558 4372 24968 37303 83820 33419 17529 4841 24872 81053 78601 18553 73773 74698 4695 45008 76102 34827 40165 73665 46810 55149 62800 100526 23351 16893 75120 79512 15641 53821 40665 24846 89500 3285 55035 69947 89993 34840 69928 40346 33947 21621 23853 74181 85128 73011 96280 8919 71652 56819 95212 70831 78462 32706 7218 7832 38599 20118 39240 64187 66316 62098 46258 6312 10213 46776 23405 26318 48363 28601 85064 54300 20221 96138 91689 48254 89699 
15
59865 55333 49234 46481 96534 9377 40180 18559 82207 62584 54124 90871 84442 74401 43974 59779 50532 43080 84444 56243 61804 53525 44178 76474 64671 7444 47082 1526 17827 70277 92393 12622 29099 55378 39469 29644 37150 50326 17341 92660 39663 27267 35238 42332 3665 16193 25531 75688 87136 85884 24380 75983 53799 41518 82777 3518 91518 85886 66881 70565 99976 58208 91758 57698 25627 34153 19184 31689 72763 935 90577 22989 23536 77899 7604 49930 97949 36025 9857 6453 4714 59722 7494 42417 27754 101421 91370 21916 6238 82123 6838 69348 39154 17560 96878 46440 222 82872 92326 22508 
16
29836 98809 36510 43135 18505 56853 15852 75101 3169 84310 2218 99504 67350 75783 28060 57022 37034 49162 62679 5933 8929 21511 16208 24819 6743 68941 25596 48342 14082 81526 15472 26259 36866 40313 62957 4399 94960 21946 66641 67941 38047 10493 97806 994 51336 99141 98100 29854 68146 50678 93012 77519 97665 45360 6222 99055 29194 77344 72106 39186 67209 47857 28713 47171 30866 58261 72550 47283 69925 3209 73060 28492 85029 7298 11467 81436 44736 16825 21915 8621 36272 59892 75839 65475 50189 15673 43614 46607 7164 63254 77119 91799 12228 25125 164 76183 100549 28375 53482 53125 
17
55393 99421 63148 55816 58077 71222 71764 80895 69110 28306 19465 78661 23215 30933 97419 80519 67688 101180 22886 36444 42594 20508 59512 44338 92508 76523 6272 91001 3938 6790 46944 16528 57351 13298 45277 7225 77888 55652 62225 7169 48523 48546 97359 18357 39810 34287 101189 77741 29124 21592 37416 24480 48107 71556 4312 45473 19770 5494 30972 33674 34051 68743 54409 99104 68740 35639 49068 76628 60769 4612 98954 44816 80666 18333 46569 42781 82394 31421 48332 52936 44917 90328 69571 76299 76479 59756 3109 25981 475 72926 92761 97990 35064 66563 59976 78037 22703 12986 75371 41821 
18
31389 88584 50864 101127 85897 98948 38759 76751 89725 48643 36905 54041 19169 13203 101610 48785 78088 77181 42253 62252 26189 48136 51113 70967 77282 78398 10841 77342 17926 39650 21669 92492 52951 20058 1968 20485 97156 65237 100789 73563 29809 30769 80296 8285 101048 68996 29808 46968 27029 91348 63952 99414 18692 96026 89808 29448 30762 19189 89619 20545 47130 47809 40324 36961 88056 75439 12375 97397 10504 26805 81176 2952 101691 11754 16916 99874 58957 1724 81826 26567 22023 61662 88489 44478 97177 30994 98631 73718 7309 86430 100975 66502 1187 70188 80439 755 54232 86177 48429 10097 
19
33782 59978 68022 46470 75018 18368 57593 14842 20658 77659 77533 20450 93188 29893 47373 54955 87405 71821 10228 88676 62451 21442 58324 36161 90964 99319 5447 19145 79006 30076 83648 62015 9249 55015 90798 3000 30876 15069 100733 96730 24444 100319 64715 63513 1882 44971 26235 43895 30577 75751 27980 24292 47221 34923 69687 57410 86311 89473 76502 64029 92057 43633 78428 2461 25465 75788 52579 56441 89562 17320 44187 71738 11974 63581 52158 93037 35595 84666 45632 15116 100182 84686 52267 44638 66401 97874 30538 58717 64573 53064 58921 29827 21110 12231 30970 32938 92737 29366 321 24713 
20
81652 90232 89487 50216 82479 20852 61527 88191 13525 40279 4534 83305 4631 64998 68736 53695 85831 9023 56295 17265 39030 78260 25348 22452 92939 45170 22837 53118 72409 63917 10366 95770 52069 81215 96283 98258 96030 51319 79236 87059 39450 56275 85836 98654 42115 5067 31257 90022 17769 13744 50015 10301 48119 70909 72820 3039 80883 15643 37351 31080 31028 66322 25698 3812 96193 86680 23581 98723 30139 19505 97428 12195 15919 76595 29719 95919 9262 87031 52684 57377 597 24111 55648 43166 88973 45228 16896 76174 7287 76178 36307 40574 91622 78251 42202 6220 33936 81268 75726 6320 
