1
45670 2 23796 0 73046 1 55155 0 1102 1 56877 2 2235 2 44635 1 17149 2 41080 1 62963 2 427 0 44803 1 3779 1 84073 2 55331 0 38962 2 88685 1 53467 2 27316 1 40629 2 71207 1 19339 2 25729 1 35371 0 68545 2 72364 0 65951 2 86464 2 92864 1 73048 0 18129 2 52383 0 71716 2 53031 2 47114 0 26141 1 42203 1 88180 0 925 1 2488 0 10245 1 85622 2 28716 1 41098 1 38708 2 11490 2 23131 1 35857 1 68113 1 74293 0 75268 2 96678 0 96183 2 2208 0 22034 0 76460 0 78064 0 84712 1 79415 0 82076 1 41337 2 21867 1 37046 0 101028 0 93978 0 62603 2 31329 1 34535 0 73309 1 12117 0 32967 0 94748 0 81464 1 47138 2 65597 1 31827 2 19705 2 
2
7582 1 2033 0 91647 2 12203 0 18237 1 60654 1 23006 2 59641 1 38894 0 46432 1 90921 1 19822 0 10576 2 67370 0 65803 2 51097 0 90147 0 60587 0 2693 1 29759 2 71943 2 58255 1 11947 2 94100 1 59909 0 60704 2 1690 1 55724 0 89522 0 38207 0 4216 0 62079 0 89322 1 7605 0 53725 0 53305 2 36359 0 63662 1 52447 0 77795 0 64018 2 35102 0 25692 0 6204 0 44505 0 63065 2 33515 0 54361 2 98658 2 89554 0 85006 2 61410 0 101047 2 59577 2 43446 2 74123 0 7526 1 35911 0 97452 2 64146 1 72891 0 47444 2 40422 2 52144 2 92054 0 48855 2 15937 2 96645 2 46538 1 45769 1 80575 2 84893 2 64857 2 79746 0 29880 0 50000 0 5099 0 
3
49855 0 31383 2 26528 2 49264 2 28517 2 18041 2 62490 1 58749 2 9724 1 54601 1 24808 2 1549 0 49920 0 70236 0 67065 2 6090 2 56213 2 2530 0 98122 0 29961 1 25051 2 36922 0 56797 2 63037 2 83752 2 22794 0 31947 2 52988 2 43875 0 47238 2 100829 1 82582 1 82119 1 61083 1 89324 0 101243 0 65627 0 16242 0 41187 0 6417 0 53004 0 51226 2 12709 0 54995 0 21947 0 35821 0 60269 1 
4
8086 0 31280 2 43192 0 33842 0 69735 2 28198 2 46673 2 41215 1 20739 0 90679 0 25208 2 43149 2 53632 2 68499 2 56068 0 101146 2 29169 0 44104 2 12560 1 34679 1 99247 0 52993 0 31614 2 87576 1 66217 0 77881 1 59307 0 10898 2 72987 0 46198 2 39548 0 44550 0 23096 1 27197 1 84815 1 21730 2 47817 1 26743 2 12093 0 90567 0 94466 2 41816 0 26552 0 11092 0 15406 0 59516 0 66967 1 9955 2 32229 0 15931 0 66973 0 28848 0 92110 0 30659 0 88621 0 10903 0 70412 0 5057 1 96610 1 94676 0 70263 0 23744 1 45861 0 42577 0 63276 1 82312 1 29798 2 33550 2 29784 0 75627 1 31770 1 37942 2 48712 2 86813 0 622 1 98408 2 15046 2 72758 1 
5
5823 1 37496 1 58352 2 87557 0 45477 0 19164 2 100767 0 37372 1 3007 1 29583 2 44233 1 18473 1 32934 1 91683 1 81300 2 54100 0 79860 2 24899 2 70173 2 54090 2 58333 1 49258 1 4613 0 19772 0 59579 1 746 1 63451 0 84059 1 57486 0 46098 1 60695 2 53454 1 29331 1 32557 0 80460 1 45055 1 47021 2 31116 1 59954 2 87577 1 23547 1 101267 1 11806 1 75234 1 23009 1 53789 1 91035 1 49092 1 10089 2 90166 1 75814 0 47309 1 14916 1 95244 1 20603 2 57936 2 33459 1 6792 1 65723 2 53180 2 54204 2 21404 2 4885 2 99719 1 47134 2 30221 2 60262 1 33548 1 88633 0 55627 2 51879 2 32449 2 82035 1 11626 0 
6
3384 0 64526 2 67621 2 85740 1 100314 0 44226 2 56079 2 38602 1 42917 2 101457 0 27328 0 98594 2 93266 2 78023 1 81347 0 9931 0 13344 2 58114 2 63087 1 52426 0 82025 1 25707 0 47711 0 355 0 14867 2 50172 0 70715 2 81473 0 16548 0 44434 0 15108 0 39576 0 38404 2 64167 2 11625 0 51691 0 33521 0 20936 0 73719 2 13426 2 4346 2 25267 0 82787 0 96521 2 52194 1 45866 2 100311 0 79696 0 84315 0 15415 1 16295 2 85877 0 30661 1 19199 0 69842 2 34481 0 4984 2 12972 1 15699 0 72841 0 77274 0 34918 0 67295 2 1565 0 5998 0 31505 0 304 2 13454 0 9970 2 64872 0 95677 2 20478 2 100850 1 87822 0 87552 2 89627 0 25182 2 70706 0 48109 2 69733 0 53284 1 72071 1 63991 2 59302 0 
7
89863 0 70762 0 6349 1 40805 0 1571 0 98383 0 55684 0 84868 2 80076 1 56380 1 94517 0 87346 0 56439 0 66006 1 4134 0 87035 2 35691 0 98815 0 33439 0 62328 2 32020 0 97111 2 35110 0 40221 2 80751 2 91575 2 22813 2 68466 2 71812 2 53294 2 88896 0 99505 2 38775 1 48138 0 15045 2 99703 1 12891 0 69022 1 13389 0 23263 0 5872 0 30922 2 93260 0 5336 0 40005 1 3792 1 38389 1 47259 0 57147 0 31649 0 41566 1 34449 0 2578 2 91207 2 93838 2 26770 0 53503 1 67074 0 101346 2 380 0 86905 0 74326 0 61120 1 95898 2 68058 1 44021 1 74666 1 66564 0 98074 0 87696 0 74688 1 6094 0 
8
99164 2 76198 0 7748 0 38412 0 89450 2 31667 2 63974 0 19299 2 6840 1 44750 0 75172 2 92273 2 21285 0 23847 1 101294 2 26340 0 63131 1 12463 0 27159 2 60971 0 21200 1 83347 2 7965 1 62031 1 43542 1 35851 2 85289 1 18627 2 12952 0 26595 2 96656 0 33874 1 8798 0 90269 0 2237 0 94689 0 99446 2 28374 0 92073 0 75676 2 71564 0 81399 2 94569 2 51632 0 24396 0 51454 0 68741 2 84397 2 49964 0 84150 0 41213 2 74331 0 41588 1 20989 2 5892 0 49116 0 95033 0 22234 0 58498 1 79817 1 30611 1 65062 0 96783 1 60203 0 16800 0 23217 0 4345 0 59761 0 59094 2 65605 2 79590 0 75173 1 59370 0 95646 0 67323 2 
9
77603 0 4743 0 13595 1 19912 1 75541 2 48916 2 62087 0 2072 1 76842 0 72172 1 82289 1 97729 2 11744 2 22411 0 23008 0 14171 0 9403 0 97132 1 101862 0 97448 1 71107 0 71155 0 9345 1 40889 2 38414 1 98816 0 2856 0 45177 0 14214 2 53773 2 40672 0 26137 1 23126 0 32840 0 84064 0 51188 1 27865 0 28234 0 15969 2 78864 2 25869 2 60135 0 92997 0 98359 2 76634 2 79564 1 13708 2 52126 0 29234 0 15707 0 47403 1 72431 0 5221 2 29580 2 14045 0 59993 0 49954 0 90800 1 41033 0 10108 1 6370 1 35733 0 37562 0 30886 2 25643 1 16649 0 16577 0 254 0 86535 1 42129 0 38442 0 66085 0 101822 0 61124 0 17850 1 45123 1 11564 2 212 2 36668 0 82207 1 
10
96349 2 57246 0 44418 0 80807 0 82437 0 31432 2 24980 0 22478 0 3982 0 8827 2 74080 2 14349 2 8616 2 54650 0 81062 1 93026 0 34376 1 24769 0 90664 2 22602 0 11886 0 100374 0 3557 0 85123 2 100039 0 62669 0 86398 0 1129 0 67478 0 98359 2 26453 2 49385 2 27514 1 61197 2 57163 2 26963 0 55688 1 14136 0 88009 2 83162 0 24098 1 89310 2 14390 1 11770 1 6216 2 59013 0 97633 0 14661 0 7620 2 90021 0 67176 0 4693 1 99440 0 75387 0 4924 0 13455 2 54899 1 22153 0 2319 0 48174 0 85505 0 36011 0 83734 0 68143 1 77557 0 77400 0 83630 2 42613 2 9386 1 61685 0 30755 2 98851 1 38324 1 63366 0 11911 2 71035 2 63337 0 46736 0 
11
96734 2 24523 2 4382 1 60079 2 90485 1 5560 1 82607 0 84781 0 11764 2 69757 2 13982 0 4913 0 10804 1 83304 1 79476 1 101065 0 10339 1 25319 1 9929 2 40914 1 52676 2 29652 0 75024 1 36877 1 93228 2 38330 2 82991 0 50728 0 21886 2 84455 1 19936 1 98429 2 99672 1 20101 1 93251 1 92894 2 54678 0 31079 2 37715 2 21888 2 71161 0 80780 0 75444 2 90489 0 6099 0 33681 2 16313 2 98105 1 36174 0 91669 2 4025 0 91845 0 11438 1 60906 2 90955 2 85637 2 83217 2 94669 0 60903 0 9230 2 1189 0 10338 1 39339 0 10306 1 75291 1 63791 1 87659 1 16057 1 86992 0 92848 2 49015 0 28132 0 97243 0 12982 0 40165 1 20956 0 93660 0 47363 2 66544 2 
12
92990 1 25970 2 13810 1 3280 0 99894 1 71139 2 64663 1 56611 1 46460 0 68432 0 91100 1 94046 0 65887 0 98562 0 89530 1 41805 1 48242 1 45356 0 55960 0 69449 0 81042 1 5931 2 93565 0 11502 0 83900 1 86332 1 52725 1 69812 2 68309 0 32366 2 47947 0 95938 1 23353 0 19662 1 90438 1 63294 0 42452 1 55346 1 91662 0 96230 0 59073 0 35209 1 64076 1 43273 0 27274 1 
13
74598 1 89275 0 28709 0 77660 0 13084 0 54519 0 61718 0 92451 2 21719 0 31948 0 84709 0 88749 0 21792 1 29020 1 37008 1 8394 1 85601 2 69158 1 9303 1 38674 0 23455 2 95870 0 21593 2 7315 0 73015 0 8317 0 37859 0 22818 1 19302 2 75810 0 46373 1 98131 0 99745 0 70208 0 87911 0 16807 0 66165 0 29174 1 4331 2 24255 0 10467 0 39034 1 13766 2 615 1 6505 1 8161 1 37211 1 41465 0 19855 2 56510 0 71354 1 70242 0 79744 1 85374 2 6150 1 84923 0 101856 1 54938 1 21743 2 91332 2 50756 2 1075 0 13283 0 81459 2 36319 0 28682 0 89588 0 16997 1 59105 2 61507 0 70168 1 19849 1 17084 1 57627 1 32228 2 42202 1 32730 2 
14
76001 2 11715 2 50604 2 30097 0 91431 0 1865 2 89993 2 78462 0 77317 0 24968 0 48005 0 10015 1 89500 0 58571 0 18553 0 17529 2 73665 0 77850 0 4372 0 40346 0 78601 2 38527 2 4841 0 70373 2 63564 0 83820 0 31418 2 48098 0 38261 0 33419 2 33947 1 15641 2 73773 1 76102 0 3823 1 63558 1 680 1 26746 1 78368 0 28414 0 22663 0 48638 0 56066 2 32706 2 99805 0 73710 0 14665 1 75120 2 62098 0 7218 2 70831 0 74181 1 17973 2 33593 2 85128 0 37303 1 57589 0 87227 1 46776 1 38599 2 9259 2 40665 2 81053 1 71652 2 89243 2 45008 2 24872 1 40165 1 
15
90871 0 54124 0 12622 0 49234 0 25627 0 1526 2 39663 2 7444 2 47082 2 87136 2 75688 2 71104 0 35238 2 42332 2 55333 0 98114 2 52146 2 59779 1 82207 1 17341 2 99413 0 82777 2 37150 0 50326 0 29099 1 84442 0 64671 2 76474 2 61804 2 84444 2 96218 2 9377 0 71801 0 50532 2 43080 2 62584 0 56243 1 29644 1 53799 2 75983 2 3518 0 43974 2 45655 0 98385 2 40180 1 64455 2 14869 1 19184 0 34153 0 59722 1 85210 2 759 0 18559 2 3665 0 16193 0 92393 0 85884 0 66881 0 25531 2 85886 0 55378 0 46481 1 53525 2 17827 0 70277 0 41518 1 27267 0 96534 0 23536 2 24380 2 95889 2 39469 1 74401 2 59865 0 44178 2 6453 2 4714 2 
16
58261 2 47283 0 14082 2 4554 2 50141 0 16825 0 88686 0 43135 0 85029 2 75101 0 29194 0 67350 2 77344 0 99504 1 3209 0 38561 0 48781 2 62024 1 29836 0 62679 2 28060 1 28492 0 75783 0 16208 0 2218 0 72106 0 62957 1 75839 1 47995 1 6743 0 12228 0 83958 0 11647 0 50189 0 48342 0 98809 1 28713 2 3169 1 87359 1 68941 2 43614 0 15852 1 98472 1 36866 1 40313 0 37034 0 94960 2 71728 1 67209 2 56853 1 49162 2 68146 1 65169 2 994 0 81526 2 29988 2 73060 2 36510 2 51336 0 94662 1 21511 0 26259 0 5933 0 77519 1 7298 0 37738 1 99055 2 15472 2 24819 0 84310 0 69925 0 18505 1 36272 2 25596 2 6222 0 4399 2 98100 2 93012 1 81436 0 21946 0 
17
58077 0 22886 2 67688 0 45473 1 7169 1 19770 1 44816 1 97419 1 57351 0 4612 1 8149 1 29124 0 28306 1 12066 1 99421 0 68743 1 20508 0 49068 1 80519 1 55393 2 96977 1 68740 0 44338 0 6272 1 13298 0 76523 1 18357 1 78661 2 16528 1 91001 0 3938 0 39810 1 42594 0 92508 0 23215 1 63148 0 33674 1 59512 0 97359 2 48332 1 71556 0 60769 1 54409 1 62225 0 77741 2 34287 0 25981 0 7225 2 48546 1 69110 0 46944 1 48523 1 19465 2 55652 2 99104 0 4312 0 80666 2 98954 2 24480 1 45277 2 21592 2 71222 0 46569 2 30933 1 31421 1 101189 1 36444 2 5494 0 48107 0 77888 1 6790 1 35639 1 12986 1 37416 2 101180 1 71764 1 55816 1 80895 0 
18
51113 0 34622 1 45107 0 77342 1 39461 0 96026 2 94932 1 76751 0 31389 0 6435 0 70188 1 17926 2 1142 1 86554 2 48643 1 35005 2 79075 0 26805 1 97177 2 18692 0 89808 0 62252 0 20545 0 29809 1 99414 2 47130 1 85263 2 46968 1 32192 1 38759 2 97397 2 54041 1 9412 2 19189 2 36961 2 1968 2 101691 0 81176 1 85897 1 31734 0 20058 0 29808 0 48785 0 10841 0 39650 1 9885 2 101127 0 13203 1 98948 2 16003 2 77181 0 89498 1 62346 1 88584 0 100789 1 78088 0 42253 0 92492 2 50864 1 89725 0 101610 1 27029 0 83599 1 73563 2 77282 1 36905 0 19169 0 20752 0 
19
30577 2 100395 0 44638 1 77533 2 20450 2 77659 2 75018 2 45632 0 49166 0 57410 0 84686 0 64029 0 2461 0 90798 2 14842 2 9407 1 1076 0 96730 2 15069 1 41138 1 75788 2 52579 0 71724 2 17320 0 58324 2 21442 2 68022 2 29893 2 42293 2 25465 2 83648 0 19145 2 54955 0 47373 0 92057 0 86311 0 52267 2 87405 1 93698 2 30876 0 59978 0 71821 0 93188 2 62015 0 1882 2 46470 0 44971 2 100424 2 62451 0 88676 0 36161 1 26235 0 58717 2 10228 2 63513 0 84666 0 100733 0 33782 0 90964 0 24444 2 76502 0 56441 0 84651 1 100319 2 57593 1 63897 0 89562 0 69687 2 20658 0 52158 2 18368 0 34923 0 30076 2 
20
33437 0 91622 0 98258 1 89100 0 53695 0 13525 1 85836 1 37718 1 61502 1 98291 1 63917 1 87031 2 56275 0 95919 1 53118 0 4631 1 24111 1 5067 2 48119 0 22452 0 75726 2 72820 1 50216 1 83305 0 72409 2 38287 0 7030 0 85659 0 97428 0 29719 1 79236 0 85831 0 95770 2 56295 2 40279 0 70909 1 61527 0 25348 1 89487 0 32823 0 17265 1 22339 0 57377 0 809 0 90022 1 37351 0 81215 0 96283 0 64998 1 90232 1 82479 1 9023 2 17769 2 92939 1 3039 0 79118 0 83128 0 63000 1 10366 0 96030 1 81268 0 33936 0 76174 2 15643 2 45170 0 20852 0 81652 1 22837 2 87360 1 39030 0 88191 0 50015 1 98654 1 4534 0 51319 0 78260 2 68736 1 
