0 4:10.0 
0 6:10.0 
2 7:10.0 
2 
0 
0 
2 
0 
1 
0 
0 
0 
2 
0 
2 
2 
0 
0 
1 0:10.0 
0 13:10.0 
1 
2 
0 17:10.0 
0 
0 
2 
2 
0 
2 
2 19:10.0 
1 20:10.0 
1 
0 
2 
2 
0 
1 
2 21:10.0 
0 0:10.0 
1 22:10.0 
2 
2 
1 
2 
2 
2 
0 
1 23:10.0 
0 
2 
0 
2 0:10.0 
1 24:10.0 
0 
1 
1 
2 27:10.0 
0 
2 
2 28:10.0 
0 
2 
2 29:10.0 
0 
2 
2 30:10.0 
0 31:10.0 
2 
0 32:10.0 
0 
0 0:10.0 
2 
0 33:10.0 
0 
1 
2 
2 34:10.0 
1 
1 35:10.0 
2 
2 
0 
0 
2 
0 
1 
2 
1 36:10.0 
2 37:10.0 
2 
0 
2 
1 38:10.0 
2 
0 22:10.0 
0 
0 
0 
1 0:10.0 
0 
0 
0 39:10.0 
0 40:10.0 
0 41:10.0 
0 
0 
2 
2 42:10.0 
2 
2 43:10.0 
0 
2 44:10.0 
0 
2 
1 
0 
2 5:10.0 
0 
2 45:10.0 44:10.0 
0 46:10.0 
2 
2 47:10.0 
2 48:10.0 
2 49:10.0 
1 
2 50:10.0 
2 44:10.0 
0 51:10.0 
0 51:10.0 
1 0:10.0 
1 
0 52:10.0 
0 
1 
2 44:10.0 
2 
2 
2 
2 
2 
2 
0 
0 
0 
0 
2 
0 
1 53:10.0 
0 54:10.0 
2 
1 
2 
2 
2 
2 
0 
0 
2 
0 
0 
0 
0 49:10.0 
1 55:10.0 
2 
2 56:10.0 
0 
0 
0 57:10.0 
0 
2 
2 
2 
1 
0 
0 
2 58:10.0 
0 59:10.0 
0 
2 60:10.0 
0 
2 
0 
2 
2 
0 
0 
0 61:10.0 
2 
2 
0 
0 
1 
0 62:10.0 
0 62:10.0 
2 
2 
0 
0 
0 
1 63:10.0 
2 
2 64:10.0 65:10.0 
0 
1 
0 
0 
0 
1 66:10.0 
2 67:10.0 
0 68:10.0 69:10.0 
2 
1 70:10.0 
1 70:10.0 
1 70:10.0 
1 70:10.0 
0 
0 
0 
0 
1 
2 
2 
1 71:10.0 
2 
0 
0 
1 72:10.0 
2 
0 
0 
2 73:10.0 
2 
2 74:10.0 
2 
0 
2 
0 
0 
2 
2 
1 
0 
0 
2 
0 
0 
2 75:10.0 
2 
2 37:10.0 
2 76:10.0 
2 
1 77:10.0 
0 78:10.0 
2 
0 79:10.0 
1 
1 
2 
2 
2 
2 80:10.0 
2 
2 33:10.0 
0 
0 81:10.0 
2 
0 
0 
1 82:10.0 
0 83:10.0 84:10.0 
1 
2 85:10.0 
1 44:10.0 
0 
2 
0 86:10.0 51:10.0 
2 
0 
0 
0 
0 87:10.0 
2 
1 
0 89:10.0 88:10.0 
2 90:10.0 
2 91:10.0 
1 
2 92:10.0 93:10.0 
0 
0 
0 94:10.0 
1 
0 
0 
0 
2 
0 
2 
1 95:10.0 
1 
0 31:10.0 
0 
2 
0 
0 
0 
2 
2 
0 
0 
2 
1 
2 
1 
0 96:10.0 
0 97:10.0 
0 
2 
0 
1 
2 
2 0:10.0 98:10.0 
0 
0 
1 
2 99:10.0 
0 
2 
0 
0 
0 
2 
0 100:10.0 30:10.0 
2 
2 
0 101:10.0 
0 102:10.0 
0 
0 
0 
2 
0 
0 
2 
2 
0 
0 85:10.0 
0 103:10.0 
2 
2 
2 
0 
2 
2 104:10.0 
0 106:10.0 105:10.0 
0 
0 
0 108:10.0 107:10.0 
2 
1 
0 
0 
2 
2 
2 
2 109:10.0 
1 110:10.0 
1 111:10.0 
0 51:10.0 
0 
2 
0 
1 
2 112:10.0 
2 113:10.0 
2 114:10.0 
0 
2 115:10.0 
1 
2 116:10.0 
2 118:10.0 117:10.0 
2 
2 
2 
0 
2 
2 
2 25:10.0 
0 119:10.0 
0 120:10.0 
0 
1 
0 
0 
0 
2 121:10.0 
2 44:10.0 122:10.0 
0 123:10.0 124:10.0 
2 
1 
2 
2 125:10.0 
0 
2 
0 126:10.0 
0 127:10.0 
1 129:10.0 128:10.0 
2 
1 131:10.0 130:10.0 
2 
0 132:10.0 133:10.0 
0 
0 31:10.0 
2 134:10.0 
0 135:10.0 
0 
2 
0 136:10.0 
0 
1 
2 
2 
1 
2 
0 
2 
2 33:10.0 
2 
0 
2 137:10.0 
0 
0 138:10.0 
1 
0 
0 
2 0:10.0 
0 
2 
0 
1 0:10.0 139:10.0 
2 
0 
2 
2 
2 
2 
2 
1 
1 
2 100:10.0 
0 0:10.0 
2 
2 140:10.0 
0 
2 142:10.0 141:10.0 
2 143:10.0 
0 144:10.0 
2 
1 
1 
2 145:10.0 
0 
2 
2 0:10.0 
1 146:10.0 
2 
0 
1 
1 147:10.0 
0 0:10.0 
2 
1 
0 
1 
0 
0 
2 
0 
2 97:10.0 
2 
1 
1 
0 
2 148:10.0 
2 
0 
0 
0 
0 
1 149:10.0 
2 
2 
2 
2 
2 
2 
0 
2 
2 150:10.0 
0 
0 151:10.0 
2 
2 
2 
1 
2 
2 
2 
2 33:10.0 
2 
0 153:10.0 
2 
0 
1 
2 154:10.0 
2 
2 
0 155:10.0 
0 
2 
2 
2 5:10.0 
1 
0 156:10.0 
0 156:10.0 
2 
1 157:10.0 
2 
2 
0 
0 
2 158:10.0 
2 
2 159:10.0 160:10.0 
2 
2 161:10.0 
0 162:10.0 
0 0:10.0 
0 
0 
2 
1 
2 163:10.0 
2 164:10.0 
2 5:10.0 
2 0:10.0 165:10.0 
0 0:10.0 
2 76:10.0 
0 166:10.0 
0 
2 167:10.0 
0 
2 168:10.0 
2 
0 33:10.0 
0 169:10.0 
0 
1 170:10.0 
0 171:10.0 
2 
2 172:10.0 
1 
1 
0 
0 
2 173:10.0 
2 
2 
2 
2 
1 
1 
1 
2 174:10.0 
1 175:10.0 
2 
0 0:10.0 
0 176:10.0 
0 177:10.0 
0 
2 74:10.0 178:10.0 
0 
0 
0 
1 
2 
2 179:10.0 
0 0:10.0 
2 
0 
0 
0 
0 
0 
0 180:10.0 
2 
0 0:10.0 
2 181:10.0 38:10.0 
2 
2 183:10.0 
0 
1 
0 
1 
2 184:10.0 
0 
0 
0 
0 185:10.0 
0 185:10.0 
2 
2 
0 76:10.0 
0 
2 
2 
0 
2 
0 
0 
0 
2 
1 
0 
2 167:10.0 
2 187:10.0 
0 
2 
0 
0 
2 
1 
2 
0 
0 
0 
2 
0 
2 
2 
0 
0 0:10.0 
0 188:10.0 
0 
2 
1 
1 
0 
2 
2 
2 
2 
0 
2 
0 0:10.0 
0 
1 
0 
1 
0 190:10.0 189:10.0 
2 
0 
0 
2 
0 
2 191:10.0 
0 
0 192:10.0 
0 
1 
1 193:10.0 
0 
0 194:10.0 
0 
2 195:10.0 
1 
1 
0 197:10.0 
0 
1 
0 
0 
0 0:10.0 
0 
1 0:10.0 
2 
2 
2 198:10.0 
1 
2 199:10.0 
2 0:10.0 
0 200:10.0 
0 
2 
2 201:10.0 
2 202:10.0 
1 
0 
2 
0 
0 
0 
1 0:10.0 
2 
2 203:10.0 
0 
2 33:10.0 
2 
1 
1 
1 132:10.0 204:10.0 
1 
2 205:10.0 
2 
1 
2 116:10.0 
0 
0 
2 206:10.0 
0 
0 
0 207:10.0 
0 208:10.0 
1 209:10.0 
1 210:10.0 
0 
2 
0 
0 
1 0:10.0 
2 
2 211:10.0 
1 
1 
0 212:10.0 
1 
2 0:10.0 
2 
2 
0 
0 
1 213:10.0 
2 215:10.0 214:10.0 
1 
0 
0 216:10.0 
1 217:10.0 
2 
1 
2 
2 218:10.0 
0 119:10.0 
0 
1 
1 
2 
1 
1 
0 
1 
1 
1 0:10.0 
2 
2 
0 
2 
0 
2 
2 219:10.0 
0 
2 
0 220:10.0 
0 221:10.0 
0 
2 
0 
0 
1 222:10.0 
2 
2 3:10.0 
0 
0 
2 
2 
1 
1 
2 
2 
1 
1 
1 
1 
0 
2 
2 
2 
0 33:10.0 
2 
1 193:10.0 
1 0:10.0 
0 
1 
0 223:10.0 
1 
1 224:10.0 
1 
0 
2 
1 
2 
2 
2 
1 224:10.0 
0 225:10.0 
0 225:10.0 
0 
1 
0 226:10.0 
2 
1 
0 227:10.0 
1 
2 
2 228:10.0 
1 
1 
0 
2 0:10.0 
1 
2 
2 229:10.0 
0 
1 200:10.0 
2 214:10.0 
2 0:10.0 230:10.0 
2 
1 
2 
2 
1 
0 
0 
1 
2 231:10.0 232:10.0 
1 
1 
1 
1 
1 233:10.0 
0 
1 
2 
2 
0 
2 
0 
0 
2 
1 
2 234:10.0 
2 
1 
1 44:10.0 
0 
2 
2 235:10.0 
2 
2 
2 
0 
0 
2 
1 
0 
2 
0 0:10.0 
0 0:10.0 
2 0:10.0 
2 
0 
2 
1 
2 
1 
2 
2 
0 
2 236:10.0 
2 
0 
0 
2 237:10.0 238:10.0 
2 27:10.0 
0 
0 
2 234:10.0 
1 
2 
0 
2 
0 
2 
0 
0 
1 240:10.0 239:10.0 
0 
2 0:10.0 
0 
0 
2 
2 
2 
0 
2 
2 241:10.0 
0 242:10.0 
0 
0 243:10.0 
2 
2 0:10.0 244:10.0 
0 
2 
0 
2 245:10.0 
0 
0 
0 
0 246:10.0 
2 234:10.0 
2 
2 
0 
0 247:10.0 
2 200:10.0 
0 248:10.0 
2 
0 
0 
0 249:10.0 
2 
1 
2 250:10.0 
2 251:10.0 
2 
2 
0 
0 
1 
2 252:10.0 
2 253:10.0 254:10.0 
0 
1 255:10.0 
1 256:10.0 
2 
2 
1 
2 
2 
2 257:10.0 
2 258:10.0 
0 259:10.0 
0 259:10.0 
2 
2 
0 
0 
0 31:10.0 
0 
0 260:10.0 
2 
1 
1 261:10.0 
0 
1 
0 
0 262:10.0 
0 
1 
0 
2 
0 
0 200:10.0 
0 
1 263:10.0 
2 
1 
2 155:10.0 
2 132:10.0 
0 
0 200:10.0 
0 264:10.0 
2 
1 
1 
2 
0 265:10.0 
0 265:10.0 
2 
2 
0 
2 
2 
1 266:10.0 
0 
0 
0 
2 
0 
1 
0 267:10.0 
0 267:10.0 
2 
2 
2 
2 33:10.0 
0 0:10.0 
0 
0 
1 
2 
2 
2 
2 268:10.0 269:10.0 
0 
2 
2 
2 
2 270:10.0 176:10.0 
0 
2 
2 
0 271:10.0 
1 
1 273:10.0 272:10.0 
2 
0 274:10.0 0:10.0 
0 
2 275:10.0 
1 276:10.0 
1 
2 
0 
1 
0 
0 
0 
0 277:10.0 
0 
2 
2 44:10.0 
2 
0 
1 
0 
2 
0 
2 
0 278:10.0 
2 
2 
2 
2 
2 
2 
2 
2 
2 
2 
2 
2 
2 
2 
2 
2 
2 
2 
2 
2 
2 
2 
2 
2 
2 
2 
0 
0 
1 
2 281:10.0 
0 
2 282:10.0 
2 
2 283:10.0 
0 
0 
0 
0 
2 195:10.0 
2 284:10.0 
2 285:10.0 
0 
2 221:10.0 
2 
0 
1 
0 
2 0:10.0 
2 286:10.0 
0 
0 
1 287:10.0 
1 
0 
0 
0 
0 288:10.0 
2 
0 289:10.0 
0 
0 
2 
0 
1 25:10.0 
2 
0 290:10.0 
0 
2 291:10.0 
0 
0 
0 292:10.0 
1 293:10.0 295:10.0 294:10.0 
2 
0 
2 25:10.0 
2 
0 
0 
2 
1 
0 
1 
2 
0 
2 
0 
2 296:10.0 297:10.0 
0 298:10.0 
0 176:10.0 
1 299:10.0 
0 300:10.0 
2 301:10.0 
1 
2 
2 302:10.0 
0 303:10.0 
2 304:10.0 
0 305:10.0 
0 306:10.0 
0 
1 
2 
2 
0 195:10.0 
2 
0 
2 
0 
0 
2 307:10.0 
2 308:10.0 309:10.0 
0 
2 
2 
1 
0 310:10.0 
0 310:10.0 
2 
0 311:10.0 
0 
0 
0 
0 312:10.0 33:10.0 
2 
0 
2 313:10.0 0:10.0 
1 
2 5:10.0 
1 315:10.0 314:10.0 
1 316:10.0 
0 317:10.0 
0 
1 318:10.0 319:10.0 
0 
0 
2 
0 320:10.0 125:10.0 
0 
0 
2 321:10.0 
0 
0 
0 
0 
2 
2 322:10.0 
2 0:10.0 
0 323:10.0 
2 33:10.0 
2 
0 
0 296:10.0 
2 
2 324:10.0 
1 0:10.0 
2 
0 
0 
2 325:10.0 
0 
0 326:10.0 
1 
0 
2 327:10.0 
1 
0 
2 
0 
0 
2 44:10.0 
2 
2 44:10.0 114:10.0 
2 
1 
2 
2 
1 
1 
0 
2 328:10.0 
0 329:10.0 
1 
0 
2 
0 330:10.0 
0 331:10.0 
0 
2 
0 332:10.0 
0 
2 333:10.0 
0 
0 
0 
0 
0 33:10.0 
2 
0 
2 
0 334:10.0 
2 87:10.0 
0 
0 335:10.0 
2 
1 336:10.0 
0 33:10.0 
0 
0 284:10.0 
2 33:10.0 
2 
2 
1 
0 338:10.0 337:10.0 
0 
2 116:10.0 
0 
0 
1 
2 
2 3:10.0 
2 
1 234:10.0 
2 25:10.0 
0 
0 
0 
0 
2 44:10.0 339:10.0 
1 
0 
2 
0 
0 
0 
2 
0 
2 340:10.0 
0 341:10.0 
0 
0 
0 342:10.0 
0 
2 
0 
0 
0 
0 343:10.0 
0 
2 
2 344:10.0 18:10.0 
2 
0 345:10.0 
1 224:10.0 
0 
1 
1 
0 
2 44:10.0 
0 346:10.0 
2 
0 
1 
2 347:10.0 
0 
2 
0 
0 
2 
0 
1 348:10.0 210:10.0 
0 
2 349:10.0 
2 213:10.0 
2 350:10.0 
0 
2 
0 0:10.0 
2 
2 
2 351:10.0 352:10.0 
2 353:10.0 
2 
0 
2 
0 354:10.0 355:10.0 
2 
0 
0 
2 
2 
2 
0 
2 356:10.0 
2 
2 
0 
2 
2 207:10.0 
0 357:10.0 
0 357:10.0 
2 
2 
2 
2 
0 
0 
2 
2 
0 358:10.0 
0 358:10.0 
1 
2 
2 
2 359:10.0 
2 
1 360:10.0 
2 
0 
0 361:10.0 
1 362:10.0 
1 
1 363:10.0 
2 
2 152:10.0 
0 364:10.0 
0 364:10.0 
2 365:10.0 
1 
1 
0 
2 
1 366:10.0 
1 367:10.0 
2 
2 0:10.0 207:10.0 
2 155:10.0 
0 
0 
2 
2 
2 
1 
0 368:10.0 
1 360:10.0 
2 369:10.0 
1 
0 
2 
0 234:10.0 
0 
0 
0 
2 44:10.0 
2 370:10.0 
2 
2 371:10.0 
2 
0 
0 
0 
0 372:10.0 
2 0:10.0 
0 0:10.0 
0 373:10.0 
2 374:10.0 
0 
1 
2 154:10.0 
0 
2 
0 
2 
0 
2 
0 209:10.0 
0 
2 
1 
2 
0 375:10.0 
0 
0 33:10.0 
1 130:10.0 
0 234:10.0 
2 
2 
0 
2 
0 
2 
0 
0 
0 120:10.0 
0 
2 376:10.0 
0 
2 377:10.0 
2 44:10.0 
2 
0 0:10.0 
2 
2 378:10.0 
2 
0 
0 379:10.0 380:10.0 
0 381:10.0 
2 
2 382:10.0 171:10.0 
2 
2 
0 383:10.0 
0 383:10.0 
2 
0 
0 384:10.0 
0 
0 
1 
2 
2 385:10.0 
1 386:10.0 
2 116:10.0 
0 
0 
1 387:10.0 
0 
1 
2 
2 
0 33:10.0 
0 388:10.0 389:10.0 
1 
0 
0 
1 
1 391:10.0 390:10.0 
1 392:10.0 
2 393:10.0 
0 
0 
0 
0 
2 394:10.0 
2 
0 
2 
0 
2 
1 395:10.0 
2 
1 
2 
0 
1 
0 
0 
1 396:10.0 
2 
0 
0 
0 
2 397:10.0 
1 
1 0:10.0 
0 
2 234:10.0 
2 
0 
0 
0 
1 
0 398:10.0 
2 
0 
0 364:10.0 
2 
2 
1 
1 
1 
0 123:10.0 
0 
0 
2 
0 399:10.0 
2 
2 
1 
0 
2 
0 191:10.0 
0 
0 
2 
2 400:10.0 
2 
0 
2 
0 
1 401:10.0 
0 33:10.0 
1 
2 402:10.0 
2 403:10.0 
2 404:10.0 
2 405:10.0 33:10.0 
0 
2 
2 
0 200:10.0 
1 
0 
1 406:10.0 
0 
0 
1 0:10.0 
2 
2 
2 
1 407:10.0 
0 
1 
2 
0 
0 
2 408:10.0 
0 
2 
0 
0 
1 409:10.0 
1 
1 213:10.0 
1 411:10.0 410:10.0 
2 0:10.0 
1 412:10.0 
1 
1 
1 
1 
1 0:10.0 413:10.0 
0 
2 414:10.0 
1 
0 415:10.0 
0 416:10.0 
0 417:10.0 
0 
1 
1 
0 418:10.0 
1 
2 419:10.0 420:10.0 
0 
2 421:10.0 200:10.0 
0 
0 
0 422:10.0 
1 
0 
0 
0 
2 
0 423:10.0 
1 424:10.0 
1 
1 
0 425:10.0 
0 
1 426:10.0 
0 427:10.0 
2 429:10.0 428:10.0 
0 
2 430:10.0 
1 
1 
1 
1 
0 431:10.0 
1 
0 
0 
1 
1 
0 195:10.0 
1 
1 432:10.0 
1 433:10.0 
0 434:10.0 
0 
0 435:10.0 
1 436:10.0 
2 
0 
2 
1 
0 437:10.0 33:10.0 
2 438:10.0 
1 
0 
0 
0 
0 439:10.0 
1 
1 
0 
1 441:10.0 
0 
1 442:10.0 
0 
0 
0 
0 
0 443:10.0 
0 
1 444:10.0 
0 
1 
0 
0 
0 116:10.0 
1 
0 
0 
0 
0 
0 
0 
0 446:10.0 
0 447:10.0 
0 
0 448:10.0 
1 
0 
0 234:10.0 
0 
0 25:10.0 
0 31:10.0 
0 
0 
2 
0 449:10.0 
0 
0 
0 
0 450:10.0 
0 
0 44:10.0 
0 
0 
0 
1 
0 
0 451:10.0 
0 0:10.0 
0 
1 453:10.0 452:10.0 
0 
0 
2 
0 
2 
1 
2 
1 0:10.0 
1 0:10.0 
1 
2 
2 
2 454:10.0 
2 
2 
