0 
0 19:10.0 18:10.0 
0 
0 
0 21:10.0 
0 21:10.0 
0 
0 
0 
1 
0 2:10.0 
0 
1 23:10.0 
0 
0 
1 24:10.0 25:10.0 
1 
0 
0 
0 
0 
0 
0 
1 
0 27:10.0 
0 
0 
0 
0 
0 
0 24:10.0 
0 24:10.0 
0 
0 
0 28:10.0 
0 28:10.0 
0 29:10.0 
0 29:10.0 
0 
0 
0 
0 
1 
0 30:10.0 
0 
0 
0 
0 
0 28:10.0 32:10.0 
1 
0 33:10.0 
0 33:10.0 
0 34:10.0 
0 
0 24:10.0 
0 24:10.0 
0 24:10.0 
0 35:10.0 
0 
1 36:10.0 3:10.0 
0 
0 
0 
1 
0 
0 
0 
0 
0 
0 37:10.0 12:10.0 
0 38:10.0 
0 
0 
0 
2 39:10.0 
1 40:10.0 
1 
2 12:10.0 
0 42:10.0 
0 43:10.0 
0 
0 44:10.0 
0 45:10.0 
0 45:10.0 
0 
0 
2 48:10.0 
1 
0 
2 
2 49:10.0 
0 50:10.0 
0 50:10.0 
0 
2 3:10.0 
2 51:10.0 
1 
0 
0 
1 52:10.0 
1 
2 
0 
0 
2 55:10.0 
0 
1 
1 56:10.0 
0 
0 
0 
0 
2 
1 2:10.0 
1 
1 57:10.0 58:10.0 
1 
2 
2 
1 
0 
0 
0 
0 
1 46:10.0 
0 
0 59:10.0 
0 
0 
1 
2 
0 
2 
2 
0 
1 60:10.0 61:10.0 
1 48:10.0 
0 
2 
0 
2 62:10.0 
2 12:10.0 
0 
1 
0 
2 2:10.0 
2 64:10.0 63:10.0 
1 
2 
1 65:10.0 
1 66:10.0 
1 
0 
1 
2 67:10.0 
0 68:10.0 
1 2:10.0 69:10.0 
1 
1 70:10.0 
1 
1 
1 
0 71:10.0 
1 
1 72:10.0 
0 
1 
1 
1 73:10.0 
1 
1 
1 
1 
1 
1 74:10.0 
0 
1 75:10.0 76:10.0 
1 
1 77:10.0 
1 78:10.0 
1 48:10.0 
2 
1 
2 79:10.0 
1 2:10.0 
0 
0 
2 80:10.0 
0 81:10.0 
1 
2 
1 
1 
0 
1 82:10.0 
2 
2 83:10.0 
2 
2 
1 84:10.0 
0 86:10.0 85:10.0 
0 86:10.0 85:10.0 
1 
0 
0 
1 
0 
2 87:10.0 
1 
2 88:10.0 
0 
0 
1 
0 
0 
2 
1 2:10.0 
2 
2 89:10.0 
1 
2 90:10.0 
0 91:10.0 
2 
2 
2 
0 
1 
2 92:10.0 
1 
0 93:10.0 
0 46:10.0 
1 94:10.0 
2 95:10.0 
0 
0 96:10.0 
0 
0 97:10.0 
2 
2 
0 
0 
0 
1 
0 98:10.0 
2 
2 99:10.0 
2 100:10.0 
1 101:10.0 
2 
2 102:10.0 
2 
1 103:10.0 
0 104:10.0 
2 105:10.0 
0 
0 106:10.0 
0 
0 
0 
1 
0 
2 107:10.0 
1 108:10.0 
0 109:10.0 
0 109:10.0 
1 
2 46:10.0 
2 
0 
2 110:10.0 
0 111:10.0 
2 
2 112:10.0 
1 113:10.0 
0 114:10.0 
0 115:10.0 116:10.0 
1 
0 
2 
1 117:10.0 
0 
1 118:10.0 
2 2:10.0 
2 
0 
0 
1 
1 
2 119:10.0 
2 120:10.0 
0 24:10.0 
1 
1 
2 
2 121:10.0 
0 
0 
0 
1 
2 
2 
0 
0 122:10.0 
0 123:10.0 
0 
0 
0 
1 
2 
1 
1 124:10.0 
1 
2 125:10.0 
1 
0 
0 
2 
0 
1 
1 
1 126:10.0 
0 
0 47:10.0 
0 
0 
