2 
2 
0 
0 
2 
2 
0 13:10.0 
0 
0 14:10.0 
1 
0 
0 
1 
0 
0 17:10.0 
0 18:10.0 
1 
1 19:10.0 
2 
2 20:10.0 
2 
0 21:10.0 
1 
2 22:10.0 
0 
2 
0 
0 
2 
2 
0 24:10.0 
0 
0 
2 
1 
0 26:10.0 
2 
1 27:10.0 
0 
2 
0 
0 
0 28:10.0 
2 
1 22:10.0 
1 
0 
2 
2 29:10.0 
2 1:10.0 
0 
0 
0 
2 
2 
0 30:10.0 
0 31:10.0 
1 
0 
0 
1 
1 
2 33:10.0 32:10.0 
2 
2 
0 
2 34:10.0 
2 1:10.0 
2 
2 
1 
2 
1 35:10.0 
2 
2 36:10.0 
0 
2 
0 
0 37:10.0 
0 
1 38:10.0 
2 
1 39:10.0 
2 
2 
2 40:10.0 
2 
1 
0 
0 42:10.0 41:10.0 
0 43:10.0 
1 
0 
2 
0 
1 
0 
2 
0 
2 
2 31:10.0 
0 
2 31:10.0 
1 
2 
1 
0 
0 
2 
1 46:10.0 
2 
2 
0 
1 
0 47:10.0 
1 
1 
0 
2 
0 
1 35:10.0 
2 
0 
1 
0 
0 
2 
2 
2 48:10.0 
1 1:10.0 24:10.0 
0 
0 
0 
0 
0 
0 
0 49:10.0 
2 9:10.0 
1 
0 
2 
1 
1 
2 
0 
0 50:10.0 
0 
2 
0 
1 32:10.0 
2 51:10.0 
0 52:10.0 
1 
0 
2 
2 
2 
1 
0 
0 53:10.0 
1 
0 
1 
1 54:10.0 
2 
2 
1 
1 55:10.0 
0 
0 
0 56:10.0 
1 
0 
0 
1 
1 
1 
0 
2 
0 
2 
0 57:10.0 
2 58:10.0 
2 
0 
2 
1 
2 
2 
0 
1 1:10.0 
2 
0 
0 
1 
0 
2 
0 
2 
0 60:10.0 
0 
1 
0 61:10.0 62:10.0 
0 
0 
2 
2 
2 
2 
0 
2 
0 63:10.0 
0 
0 
1 
1 
2 
2 64:10.0 
0 
1 
2 65:10.0 
0 
0 66:10.0 
2 
2 
2 6:10.0 
0 
0 
2 
0 
2 
0 
0 1:10.0 67:10.0 
1 
2 
1 
0 68:10.0 
2 
1 
2 
0 
1 
0 
0 
0 69:10.0 
0 70:10.0 
2 
2 
0 
0 
0 
2 
2 71:10.0 
2 
1 
2 
0 
0 
2 
2 
0 
1 
0 
0 
1 
2 
0 
0 
2 
2 72:10.0 
2 73:10.0 
0 
0 
2 
2 
2 
0 
0 
0 
2 9:10.0 
0 74:10.0 
0 
0 75:10.0 4:10.0 
2 
0 
2 
2 76:10.0 
2 77:10.0 78:10.0 
2 
1 
1 
1 
0 79:10.0 
0 
2 80:10.0 
1 
0 
2 
0 
1 
0 81:10.0 82:10.0 
2 83:10.0 
0 
2 85:10.0 84:10.0 
0 
0 
2 31:10.0 86:10.0 
0 
0 
0 
2 88:10.0 87:10.0 
2 
0 89:10.0 
2 
2 
0 90:10.0 
0 
0 91:10.0 
1 
1 
0 
1 
2 
1 
1 
0 
2 92:10.0 
1 
0 
0 
1 
1 
2 
1 
1 
1 93:10.0 
0 
1 
1 
2 
0 
1 94:10.0 
2 95:10.0 
1 
2 
0 96:10.0 
2 
0 97:10.0 
1 
2 
0 98:10.0 
2 
2 99:10.0 
2 100:10.0 
0 101:10.0 
0 102:10.0 
1 
0 103:10.0 
2 
2 
2 104:10.0 
2 105:10.0 
0 
0 106:10.0 
0 107:10.0 
0 
0 
0 108:10.0 
2 109:10.0 
1 
2 
0 
0 
2 
0 
2 
2 
0 31:10.0 
2 
1 110:10.0 
1 
2 
0 
2 
0 
2 111:10.0 112:10.0 
1 113:10.0 
2 
0 1:10.0 
0 114:10.0 
1 
0 
1 115:10.0 
0 116:10.0 
2 
1 
2 
1 1:10.0 
2 
0 
2 
2 
1 
1 
2 117:10.0 
2 
2 
2 
0 118:10.0 
0 
2 31:10.0 
0 
0 
0 
0 119:10.0 
2 
1 
0 
2 120:10.0 
1 121:10.0 
2 122:10.0 
1 2:10.0 
2 
0 
2 123:10.0 
0 124:10.0 
0 
0 
2 
2 125:10.0 
2 
0 31:10.0 
2 126:10.0 
2 
2 
0 
0 
2 127:10.0 
0 
0 128:10.0 
2 
0 129:10.0 
2 121:10.0 
0 130:10.0 
1 1:10.0 
0 
0 
2 131:10.0 
2 
0 
2 
0 132:10.0 
2 
0 
1 
2 
0 
2 19:10.0 
1 
2 
2 
0 133:10.0 
1 
1 
0 
0 29:10.0 
2 
1 134:10.0 
1 135:10.0 
2 
0 
2 
0 136:10.0 
1 137:10.0 
2 
2 138:10.0 
0 
0 
0 
2 
2 139:10.0 
0 
0 
2 9:10.0 
2 
2 
0 140:10.0 
2 
2 
0 
2 
2 
2 
1 141:10.0 
2 142:10.0 
0 
0 
2 
2 
0 
2 
0 
0 143:10.0 
0 
1 144:10.0 
2 
0 
0 
0 
0 145:10.0 
2 
2 
0 
0 6:10.0 
0 
1 
2 
2 
0 
2 
1 146:10.0 
0 147:10.0 
0 
2 148:10.0 
2 
1 149:10.0 
1 
1 150:10.0 
2 
2 
1 
0 
2 
0 151:10.0 
0 153:10.0 152:10.0 
2 
0 
0 154:10.0 
1 
1 155:10.0 
0 
0 
0 156:10.0 
2 157:10.0 
1 
0 
1 
2 158:10.0 
1 
1 
0 
0 
0 
0 
2 
0 
0 
1 
1 
0 
0 
1 
0 
2 
0 
1 
0 83:10.0 
1 159:10.0 
1 
0 
2 
2 
2 
2 
0 
1 
1 
2 
1 
1 
2 
0 160:10.0 
2 
2 
1 161:10.0 
0 10:10.0 
1 
1 
2 
1 162:10.0 
2 
0 136:10.0 
2 15:10.0 
2 
1 
2 
0 
1 
0 116:10.0 
0 
0 
1 163:10.0 164:10.0 
1 165:10.0 55:10.0 
0 166:10.0 
0 167:10.0 
2 168:10.0 
0 
2 
2 
2 
2 
2 
0 
0 169:10.0 
0 1:10.0 
0 
2 
0 
0 
1 
2 170:10.0 
2 
1 
0 
2 
0 
2 
1 
1 22:10.0 
0 
0 113:10.0 
2 
2 
1 32:10.0 
1 
0 171:10.0 
0 
2 
0 
0 172:10.0 
0 
2 
0 
1 173:10.0 
2 174:10.0 
2 1:10.0 10:10.0 
0 
0 175:10.0 
0 
1 176:10.0 
2 
2 
2 
1 177:10.0 
0 
0 
1 
0 
2 178:10.0 
1 
0 6:10.0 
0 
1 
2 
2 
2 
2 179:10.0 
1 
0 
1 
2 15:10.0 
2 
2 
0 
0 180:10.0 
0 180:10.0 
2 
0 
0 
2 6:10.0 
0 
0 
1 
0 181:10.0 
1 182:10.0 
2 
0 
1 
2 
2 183:10.0 
0 
2 146:10.0 
2 184:10.0 185:10.0 
0 
0 
0 
0 1:10.0 
1 186:10.0 
0 1:10.0 
0 
0 
0 187:10.0 
0 188:10.0 
1 
2 
0 
1 
0 
0 
0 189:10.0 
2 
0 
0 
2 
1 152:10.0 
0 190:10.0 
0 31:10.0 191:10.0 
2 
1 
2 
0 1:10.0 
1 
0 1:10.0 
2 6:10.0 
2 192:10.0 
1 1:10.0 
2 
2 193:10.0 132:10.0 
2 
2 
0 
0 194:10.0 
2 
0 
0 1:10.0 
2 
0 6:10.0 
0 
0 
2 
2 195:10.0 
0 
2 196:10.0 
0 
0 
0 1:10.0 
1 25:10.0 
2 125:10.0 
0 197:10.0 
0 
1 
0 
0 198:10.0 
0 199:10.0 
2 
2 199:10.0 
2 
2 
1 
1 1:10.0 
1 
0 
0 
0 
2 184:10.0 
2 
0 4:10.0 
0 
2 200:10.0 
1 201:10.0 
2 
1 
0 1:10.0 
0 
0 78:10.0 
1 
2 163:10.0 
2 
1 
2 
0 202:10.0 
0 203:10.0 
1 6:10.0 121:10.0 
0 
2 
0 
2 
0 
2 204:10.0 205:10.0 
2 
0 206:10.0 
2 207:10.0 
0 
0 
0 
1 
2 
0 
0 
0 
1 163:10.0 
1 
0 
1 208:10.0 
1 163:10.0 
2 
0 1:10.0 
0 
1 
0 
1 98:10.0 
1 184:10.0 
0 209:10.0 
0 
2 210:10.0 
1 
0 163:10.0 
0 211:10.0 2:10.0 
2 
2 
0 
2 
0 
0 1:10.0 
2 1:10.0 
2 212:10.0 
0 
1 163:10.0 
1 
2 
1 
1 163:10.0 
2 
2 
0 213:10.0 
2 214:10.0 215:10.0 
1 1:10.0 
2 
0 
2 57:10.0 
2 25:10.0 217:10.0 216:10.0 
0 
1 
2 218:10.0 
0 219:10.0 
2 
1 
1 
2 
2 
2 220:10.0 
1 1:10.0 
1 
0 
2 221:10.0 
0 
1 222:10.0 
2 
1 6:10.0 
2 223:10.0 224:10.0 
2 87:10.0 
2 225:10.0 
0 
1 1:10.0 
0 
2 
2 
1 31:10.0 
0 
2 
2 226:10.0 
0 
2 163:10.0 
2 
0 227:10.0 
2 1:10.0 
1 
2 228:10.0 
0 
2 
1 
0 121:10.0 
2 
2 1:10.0 
2 229:10.0 
2 
1 
1 
0 230:10.0 
2 
0 231:10.0 
0 
1 232:10.0 
2 1:10.0 
0 233:10.0 
0 
0 234:10.0 
0 
1 139:10.0 
2 229:10.0 
2 1:10.0 
0 
1 
1 
2 1:10.0 
1 
2 
1 236:10.0 235:10.0 
1 
1 237:10.0 
2 
1 
1 
2 
2 
1 
1 
1 
2 238:10.0 
2 239:10.0 240:10.0 
0 
2 241:10.0 
1 
1 242:10.0 
2 
1 
2 
1 
1 10:10.0 
1 
0 
0 
1 
1 
0 
1 
2 
1 
2 
2 
1 
2 
2 
0 
1 
2 184:10.0 
0 243:10.0 
1 
2 6:10.0 
1 
0 
2 212:10.0 244:10.0 
0 245:10.0 
0 
0 
0 
2 
0 1:10.0 246:10.0 
0 247:10.0 
0 247:10.0 
0 248:10.0 
2 249:10.0 
0 
2 177:10.0 
0 
2 250:10.0 
1 
1 251:10.0 
2 252:10.0 
0 253:10.0 
0 
2 
0 
2 255:10.0 254:10.0 
2 
0 
0 
0 256:10.0 
2 257:10.0 
0 1:10.0 
0 
0 258:10.0 
0 259:10.0 
0 
2 
2 260:10.0 
0 
1 
2 
2 261:10.0 
2 
1 
0 146:10.0 
1 
0 
2 
1 
0 
0 262:10.0 
2 
0 
1 
1 263:10.0 
2 132:10.0 
0 100:10.0 
1 264:10.0 
1 
0 265:10.0 
2 
0 132:10.0 
2 25:10.0 
2 
0 
0 
0 
0 
0 
2 1:10.0 
2 
1 
0 
1 267:10.0 
0 
0 
0 
2 
1 268:10.0 
2 
1 269:10.0 
1 75:10.0 
2 
2 
0 1:10.0 
0 
2 270:10.0 
2 87:10.0 
0 
2 271:10.0 
0 
0 
0 
1 
2 
2 272:10.0 
2 273:10.0 
0 
2 274:10.0 
0 
1 
0 275:10.0 
0 276:10.0 
0 276:10.0 
2 277:10.0 
0 
0 66:10.0 
0 278:10.0 
0 
1 279:10.0 
2 
0 
2 
0 280:10.0 
2 
1 
0 
2 281:10.0 
0 
2 
0 
1 282:10.0 
0 283:10.0 
2 
2 
2 284:10.0 
0 
2 285:10.0 
2 
1 286:10.0 
0 
0 
2 288:10.0 287:10.0 
0 289:10.0 
0 
0 
0 1:10.0 290:10.0 
2 
0 
2 
2 
0 
0 
0 291:10.0 
0 
2 
2 
0 
0 
0 
0 
2 
0 
0 292:10.0 
2 
2 
0 
0 
1 
0 
2 
2 293:10.0 
0 163:10.0 
2 
0 
0 
0 
0 
0 
0 294:10.0 
2 
2 
0 
0 
2 
0 
0 
2 
0 
2 295:10.0 
0 1:10.0 296:10.0 
2 
2 297:10.0 
0 
0 
2 298:10.0 
2 
2 299:10.0 
2 
0 
0 300:10.0 
0 4:10.0 
2 301:10.0 
1 
2 302:10.0 
0 
0 303:10.0 
2 
0 
2 
1 1:10.0 304:10.0 
2 
1 
0 174:10.0 
0 305:10.0 
0 
0 
0 
0 
0 
0 
2 
2 
0 
1 
1 
2 
2 306:10.0 
2 
2 
0 
2 
0 
0 
0 
2 1:10.0 
1 
1 
2 
0 307:10.0 
2 308:10.0 
1 309:10.0 
2 
0 61:10.0 
0 
2 310:10.0 
2 
2 
1 
1 
0 
1 
2 
1 
1 
1 311:10.0 
2 312:10.0 
2 
1 
0 
1 
1 313:10.0 
1 
2 314:10.0 
2 
1 163:10.0 
2 315:10.0 
1 
0 
2 316:10.0 
2 
1 
0 317:10.0 
0 
1 
2 
2 
2 
2 318:10.0 
2 319:10.0 
2 
2 
2 
0 
0 320:10.0 
0 
0 
2 321:10.0 
1 322:10.0 
0 
2 323:10.0 
1 
0 
1 324:10.0 
1 
2 
0 
1 
0 325:10.0 
1 163:10.0 
2 
2 326:10.0 327:10.0 
0 328:10.0 
2 329:10.0 
2 
2 330:10.0 
1 163:10.0 
2 331:10.0 
2 288:10.0 
0 
0 
2 
0 
0 
0 55:10.0 
1 163:10.0 
2 
0 
1 
0 163:10.0 332:10.0 
1 242:10.0 
0 
1 333:10.0 
1 163:10.0 
2 
0 
0 334:10.0 
0 
1 
2 
1 
0 
1 335:10.0 
1 56:10.0 
1 163:10.0 
1 
0 336:10.0 
0 302:10.0 
0 
2 
2 
0 
0 1:10.0 
0 
1 
0 
1 
0 
0 337:10.0 
0 
2 183:10.0 
1 
1 338:10.0 
0 
1 302:10.0 
0 
0 
1 
1 
0 
1 339:10.0 
0 
1 
1 340:10.0 
0 
0 121:10.0 
0 1:10.0 
2 
0 
1 341:10.0 
1 215:10.0 
1 
0 342:10.0 
0 
1 343:10.0 
0 344:10.0 
1 345:10.0 346:10.0 
0 
1 
0 
2 347:10.0 
1 12:10.0 
1 348:10.0 
0 349:10.0 350:10.0 
2 351:10.0 
2 12:10.0 
1 
0 
0 
1 
1 352:10.0 128:10.0 
0 
0 353:10.0 
0 
0 354:10.0 
0 
0 184:10.0 
0 
0 355:10.0 
1 356:10.0 
0 
0 174:10.0 
0 357:10.0 
0 
2 
0 
0 358:10.0 
0 
2 
0 
0 
0 
0 
0 
0 
2 128:10.0 
2 
2 
2 
2 177:10.0 
0 205:10.0 
2 
2 
0 
1 
1 359:10.0 
1 
0 1:10.0 
1 
0 
2 360:10.0 
2 
2 
2 361:10.0 
2 363:10.0 
2 364:10.0 
0 365:10.0 
0 
0 366:10.0 
2 
0 
0 
2 367:10.0 
0 
0 
1 173:10.0 
1 
