1 
0 
2 
0 21:10.0 
0 
0 
0 
2 
2 26:10.0 
0 
1 27:10.0 
0 
0 
0 3:10.0 
1 
2 3:10.0 
2 
1 
2 28:10.0 
1 
1 
2 
1 
2 24:10.0 
2 29:10.0 
2 30:10.0 
2 
1 
0 
0 
2 
0 31:10.0 
2 
1 
0 
0 32:10.0 
0 33:10.0 
2 
0 34:10.0 35:10.0 
2 35:10.0 
0 
0 
0 
2 
2 36:10.0 
0 
0 
0 
0 
0 
2 
0 37:10.0 
0 37:10.0 
0 
1 7:10.0 
1 16:10.0 
1 38:10.0 
0 39:10.0 
0 
0 
0 
1 
0 1:10.0 
0 1:10.0 
2 40:10.0 
0 
0 
0 
0 
2 2:10.0 
0 
0 
0 
1 
0 
0 
0 41:10.0 
0 
0 
0 
0 
1 
1 
1 2:10.0 
1 
0 
0 
0 
1 
1 
1 
2 
2 
0 42:10.0 
0 
0 
0 
0 28:10.0 
1 43:10.0 
1 
2 44:10.0 
1 45:10.0 
1 46:10.0 
0 48:10.0 47:10.0 
0 49:10.0 
0 49:10.0 
1 50:10.0 51:10.0 
2 2:10.0 
1 
2 
0 7:10.0 
0 7:10.0 
0 
0 3:10.0 
1 
0 
0 
0 
1 
1 8:10.0 
0 
0 
0 
2 52:10.0 
0 
1 
0 
0 
0 53:10.0 54:10.0 
0 
1 55:10.0 
0 
0 
0 
0 
1 
0 
0 
1 19:10.0 
0 
0 
0 
0 2:10.0 
0 2:10.0 
2 
2 56:10.0 
0 
2 
1 
1 
2 
0 
0 
2 
2 
1 
0 52:10.0 
2 
0 
0 
1 
1 2:10.0 
0 
0 
0 57:10.0 
2 52:10.0 
0 
2 58:10.0 
0 59:10.0 
0 59:10.0 
2 60:10.0 
0 
0 
1 
0 
0 
0 
1 
1 
0 
0 
2 61:10.0 
0 15:10.0 
1 62:10.0 
0 52:10.0 
0 52:10.0 
2 63:10.0 
2 
0 
0 
0 
0 
2 
0 
2 64:10.0 
1 
0 
0 
0 
0 
0 
0 66:10.0 
0 66:10.0 
2 
0 
2 
0 
0 
0 
0 
0 
1 
2 67:10.0 
2 
0 
0 
0 
0 
2 2:10.0 
2 
2 
0 68:10.0 
0 69:10.0 
0 69:10.0 
0 
0 70:10.0 
2 
0 72:10.0 71:10.0 
0 73:10.0 
2 4:10.0 
2 57:10.0 
0 74:10.0 
0 75:10.0 
1 76:10.0 
2 
0 
0 
0 
0 77:10.0 
0 77:10.0 
2 
2 78:10.0 
1 49:10.0 
1 
1 
0 79:10.0 
0 
0 80:10.0 
0 80:10.0 
0 
0 
0 
0 
2 81:10.0 
1 
2 
2 
0 
2 
0 82:10.0 
0 
0 
0 
0 83:10.0 
0 83:10.0 
0 
0 
2 
0 
0 
1 
2 
0 
0 
0 27:10.0 
0 55:10.0 
2 
1 
1 84:10.0 
2 
1 85:10.0 
1 
0 
2 49:10.0 
0 
0 
0 
1 
1 
0 
0 
1 62:10.0 
0 
1 86:10.0 
1 
0 
1 19:10.0 
0 
0 
2 
2 87:10.0 
2 
1 
0 88:10.0 
0 88:10.0 
0 89:10.0 
0 89:10.0 
0 
0 
0 
1 90:10.0 
0 91:10.0 
0 91:10.0 
1 
1 
0 
0 
0 
2 
1 
1 
0 
2 
0 
0 
0 
2 
1 
1 92:10.0 
2 
2 
2 93:10.0 
0 
0 
0 
2 94:10.0 
2 95:10.0 
0 95:10.0 
0 95:10.0 
0 19:10.0 
0 
1 
2 
1 
2 
2 
0 97:10.0 
0 97:10.0 
0 97:10.0 
0 
0 
0 
1 98:10.0 
0 2:10.0 
0 
0 
0 
2 
1 99:10.0 
2 100:10.0 
0 101:10.0 
2 19:10.0 35:10.0 
2 
2 
0 29:10.0 
0 29:10.0 
2 
0 
0 
0 
0 
0 
2 92:10.0 
2 
2 
1 
2 
1 
1 
1 103:10.0 102:10.0 
2 25:10.0 
0 4:10.0 
1 100:10.0 104:10.0 
1 
0 
0 
2 
1 
1 
0 
0 
2 
0 
0 
0 105:10.0 
2 
2 
1 106:10.0 
2 
1 24:10.0 
2 
0 107:10.0 
1 
0 
0 108:10.0 
2 
0 
2 109:10.0 
0 
0 
1 
0 
1 51:10.0 2:10.0 
2 
0 28:10.0 
2 
2 62:10.0 
0 
0 
0 
0 27:10.0 
0 27:10.0 
2 
0 
0 
2 
0 110:10.0 
0 110:10.0 
0 
0 
1 49:10.0 
2 111:10.0 
2 
0 
1 112:10.0 
2 
0 
0 
0 
0 
2 
0 
1 
0 
0 
1 
2 27:10.0 
0 
0 
1 19:10.0 
1 
0 
0 
1 
0 
0 
0 
0 
0 
0 113:10.0 
0 114:10.0 115:10.0 
0 114:10.0 115:10.0 
0 
0 
0 32:10.0 
0 32:10.0 
1 116:10.0 
1 
0 
2 
2 
0 
0 118:10.0 117:10.0 
0 119:10.0 
0 4:10.0 
1 
1 
0 
0 
0 
0 
1 
2 120:10.0 
0 121:10.0 122:10.0 
0 121:10.0 122:10.0 
1 123:10.0 
0 
0 
0 
2 
0 
2 
2 
0 
0 
2 
2 
1 124:10.0 
0 19:10.0 
1 
0 125:10.0 
0 19:10.0 
0 
2 19:10.0 2:10.0 
1 126:10.0 
0 
0 
0 7:10.0 
0 7:10.0 
0 
0 
1 127:10.0 
0 128:10.0 
1 129:10.0 
2 130:10.0 
0 131:10.0 
0 131:10.0 
0 
2 116:10.0 132:10.0 
0 
0 
0 19:10.0 
1 
1 19:10.0 
1 
0 
0 
2 133:10.0 
1 134:10.0 
0 
2 
0 135:10.0 
0 135:10.0 
1 
0 
0 
0 136:10.0 
1 
2 
0 
0 
2 
0 
0 
0 
2 
1 
0 29:10.0 
2 92:10.0 
2 137:10.0 62:10.0 
2 138:10.0 
1 139:10.0 
0 
1 
0 
0 
1 140:10.0 
1 
2 
0 
2 141:10.0 
1 4:10.0 
2 142:10.0 
0 
0 143:10.0 
0 
0 54:10.0 
2 
2 3:10.0 
2 
0 
0 
0 
0 
1 
1 
1 
1 
0 
0 
0 
2 
0 62:10.0 
0 62:10.0 
2 145:10.0 
1 19:10.0 
1 
0 146:10.0 
2 
1 62:10.0 
0 
1 147:10.0 
0 148:10.0 
0 148:10.0 
0 
0 
1 
0 
1 
2 
1 149:10.0 
1 150:10.0 
0 
2 
1 
2 
1 
1 151:10.0 
1 152:10.0 
1 
1 153:10.0 
2 
1 60:10.0 154:10.0 
1 19:10.0 
1 62:10.0 
1 
0 155:10.0 
0 156:10.0 
0 156:10.0 
0 
0 
0 
0 
1 
1 
2 
0 157:10.0 
0 157:10.0 
0 
0 19:10.0 
0 19:10.0 
0 159:10.0 158:10.0 
0 159:10.0 158:10.0 
0 
2 
0 
2 160:10.0 
2 27:10.0 161:10.0 
1 162:10.0 
0 163:10.0 
0 163:10.0 
0 165:10.0 164:10.0 
1 
0 
0 
0 60:10.0 
0 166:10.0 
0 166:10.0 
0 
0 
0 
0 
1 167:10.0 
0 
0 
0 
2 168:10.0 
0 
2 
0 169:10.0 
0 169:10.0 
0 
0 
2 170:10.0 
0 
0 
2 171:10.0 
2 
2 
0 51:10.0 
0 
0 
0 
0 
0 
0 
0 
0 
0 
0 
0 
0 
2 
2 27:10.0 
0 
0 39:10.0 
2 172:10.0 
2 143:10.0 
0 173:10.0 
0 173:10.0 
2 
0 174:10.0 
0 174:10.0 
0 174:10.0 
0 
0 
0 
0 175:10.0 
0 
0 
0 176:10.0 
0 176:10.0 
0 177:10.0 
0 
1 3:10.0 
2 178:10.0 
2 
0 179:10.0 4:10.0 
2 181:10.0 180:10.0 
0 182:10.0 
0 
1 
2 
2 183:10.0 
0 
0 
0 
0 19:10.0 
2 
0 184:10.0 
0 
0 
0 
2 185:10.0 
1 
0 187:10.0 186:10.0 
0 188:10.0 
2 
1 
2 
1 19:10.0 
0 
0 
0 
2 
2 
0 
0 
0 
0 
0 92:10.0 
2 
0 
0 19:10.0 
2 
2 
2 52:10.0 
0 
0 
0 
2 
0 
0 
0 
0 189:10.0 
0 
0 
1 
2 
1 16:10.0 
1 
0 190:10.0 
1 19:10.0 
2 191:10.0 192:10.0 
2 193:10.0 
0 194:10.0 
0 
2 19:10.0 
2 
1 
0 
0 
2 195:10.0 
2 196:10.0 
0 
0 
2 
2 62:10.0 
1 197:10.0 
1 198:10.0 
2 
1 199:10.0 200:10.0 
2 
2 
1 202:10.0 
0 81:10.0 
0 203:10.0 
2 
0 
0 
0 19:10.0 
2 204:10.0 
2 
0 
2 205:10.0 16:10.0 
0 60:10.0 
0 60:10.0 
1 
2 206:10.0 
2 
1 
1 207:10.0 
1 
2 
1 
1 
0 
0 
0 116:10.0 
0 
0 
0 
0 27:10.0 208:10.0 
2 
0 
1 209:10.0 
0 
0 
1 
1 
0 
0 
0 210:10.0 
0 
0 
1 
0 
0 
0 
0 211:10.0 
2 
0 39:10.0 
0 
0 
2 
1 62:10.0 
0 
0 
0 27:10.0 
2 
1 
2 212:10.0 
0 
2 
0 
0 213:10.0 
0 215:10.0 214:10.0 
0 215:10.0 214:10.0 
0 
1 
1 
2 
1 
1 
2 
2 216:10.0 
1 217:10.0 
2 
1 
0 
0 
2 218:10.0 18:10.0 
1 
2 
0 1:10.0 
0 219:10.0 
0 219:10.0 
2 
2 
2 4:10.0 
1 220:10.0 
1 221:10.0 
2 
0 
2 
1 60:10.0 
2 
2 
1 
2 222:10.0 
1 
2 50:10.0 
2 
1 201:10.0 
0 223:10.0 
0 
0 
0 
0 224:10.0 
0 225:10.0 
0 
2 226:10.0 
2 
0 
0 
0 
0 227:10.0 
0 227:10.0 
2 
2 
1 
0 
0 
0 27:10.0 
2 
0 4:10.0 
0 4:10.0 
1 62:10.0 
2 
2 229:10.0 
2 62:10.0 154:10.0 
0 
1 230:10.0 
0 
0 231:10.0 
2 
0 232:10.0 
1 
0 60:10.0 
1 
0 
1 
1 
2 
0 
1 233:10.0 
0 
0 
0 
1 19:10.0 
1 19:10.0 
2 
0 
0 
1 19:10.0 
0 234:10.0 
2 
2 235:10.0 9:10.0 
1 236:10.0 
0 
2 
1 
0 
0 
1 
0 19:10.0 195:10.0 
2 19:10.0 
2 
1 19:10.0 
1 
1 19:10.0 
1 237:10.0 
1 
2 8:10.0 
1 
1 
1 
1 
0 238:10.0 
2 
0 4:10.0 
0 4:10.0 
0 
2 
2 
1 240:10.0 239:10.0 
0 
0 
0 241:10.0 
0 241:10.0 
2 
0 
0 
2 60:10.0 
2 
1 
0 
0 
2 
0 
2 244:10.0 243:10.0 
1 
1 9:10.0 
0 245:10.0 
2 
0 
0 81:10.0 
2 
1 
2 19:10.0 
2 
0 
2 
0 
2 19:10.0 
0 246:10.0 
0 246:10.0 
0 
2 
2 247:10.0 
1 
2 248:10.0 
1 92:10.0 
0 19:10.0 
2 249:10.0 
2 
0 4:10.0 
2 19:10.0 
1 
1 
1 24:10.0 
1 250:10.0 
2 
2 251:10.0 
0 252:10.0 
1 
2 253:10.0 
2 62:10.0 
0 
0 
2 
2 
1 254:10.0 
2 
0 255:10.0 
0 255:10.0 
2 
2 
0 4:10.0 
0 4:10.0 
2 
2 4:10.0 
0 
0 
0 62:10.0 
0 62:10.0 
2 19:10.0 
0 256:10.0 
0 
0 
2 62:10.0 
0 257:10.0 
2 258:10.0 
0 
2 259:10.0 
2 260:10.0 
0 
0 
0 
1 261:10.0 
0 19:10.0 
1 262:10.0 
2 92:10.0 
2 92:10.0 
1 24:10.0 
0 
0 
0 
0 263:10.0 
2 
1 
2 264:10.0 
1 265:10.0 
2 266:10.0 
1 
2 
0 
1 4:10.0 
0 
1 
1 267:10.0 
0 
1 
1 
0 2:10.0 
1 
1 268:10.0 
1 92:10.0 
