2 11:10.0 
0 
0 
0 18:10.0 
0 18:10.0 
0 
0 
2 
1 20:10.0 
2 
1 21:10.0 
1 22:10.0 
2 
1 10:10.0 
2 
2 25:10.0 
2 
1 
2 
2 
2 
2 26:10.0 
1 
1 
1 
1 27:10.0 
2 10:10.0 
2 
2 
0 
2 28:10.0 29:10.0 
2 
2 
2 18:10.0 
2 30:10.0 
0 
1 
1 
1 
0 31:10.0 
2 7:10.0 
1 
1 
2 10:10.0 
0 
2 32:10.0 
1 
2 
2 
0 
0 33:10.0 
1 
2 7:10.0 
0 
2 
1 
2 
1 34:10.0 
2 18:10.0 
2 
1 
0 
2 
2 3:10.0 
1 
1 35:10.0 
2 
1 
2 
0 37:10.0 36:10.0 
2 10:10.0 
1 
2 38:10.0 39:10.0 
1 
1 
2 
1 
1 41:10.0 
1 
1 
1 
2 
2 
1 
2 42:10.0 
1 
1 
1 43:10.0 
1 
1 
2 
2 
1 44:10.0 
2 
1 
2 45:10.0 
2 
2 46:10.0 
2 
2 47:10.0 
2 
1 48:10.0 
2 
2 49:10.0 
2 
1 50:10.0 
1 
2 7:10.0 
2 
1 
1 
2 
0 51:10.0 52:10.0 
2 
2 53:10.0 
2 
1 
2 
2 54:10.0 28:10.0 
1 2:10.0 
1 
2 41:10.0 55:10.0 3:10.0 
0 18:10.0 
1 28:10.0 
2 
1 
2 
2 
0 
1 
1 
1 
1 56:10.0 
1 
1 
1 
2 
1 
0 
1 
2 
2 57:10.0 
1 
2 58:10.0 
2 59:10.0 
2 60:10.0 
0 7:10.0 
1 
1 
2 
2 
1 
1 
0 61:10.0 
0 
0 
2 62:10.0 
1 63:10.0 
2 
2 
2 
2 
1 
1 64:10.0 
1 
0 65:10.0 
1 66:10.0 
2 
0 
2 7:10.0 
2 
1 
2 67:10.0 
2 
2 
2 
1 
1 
2 
2 58:10.0 
2 38:10.0 
2 
1 68:10.0 
1 
1 
2 
1 
2 
2 
1 69:10.0 66:10.0 
1 70:10.0 
2 
2 
2 71:10.0 
1 
2 72:10.0 
1 67:10.0 
1 
2 3:10.0 73:10.0 
2 
2 74:10.0 
2 75:10.0 
1 
1 
1 76:10.0 
2 
1 77:10.0 
1 78:10.0 
1 
1 
2 
2 
1 
0 
0 67:10.0 
1 
2 
1 
1 
1 79:10.0 
2 
2 
2 80:10.0 
1 81:10.0 
2 
2 10:10.0 
2 
1 
2 
0 82:10.0 
2 
1 83:10.0 
2 
1 
1 
0 
2 84:10.0 
1 
1 
0 85:10.0 
2 
0 
2 
0 86:10.0 
0 87:10.0 
1 88:10.0 
1 89:10.0 
2 
1 
1 
1 
1 90:10.0 
1 
2 
1 91:10.0 
2 
1 
2 92:10.0 
2 
0 
2 
2 
2 
2 3:10.0 
1 
2 
2 93:10.0 
2 
0 
1 58:10.0 
0 
1 
1 
2 94:10.0 
2 
2 96:10.0 95:10.0 
2 97:10.0 
0 
2 3:10.0 
2 
2 98:10.0 
1 
1 74:10.0 
2 
2 99:10.0 
2 
0 
0 
0 
2 
1 
1 28:10.0 100:10.0 
0 101:10.0 
1 
0 
2 
2 
1 
1 85:10.0 
2 
2 102:10.0 103:10.0 
1 
1 
2 104:10.0 
0 
2 
2 
2 105:10.0 
2 7:10.0 18:10.0 
2 106:10.0 
2 107:10.0 
1 
2 
0 
2 
2 
1 
0 
2 
2 
1 
0 
1 
2 
1 64:10.0 
2 
1 
2 108:10.0 
1 
1 10:10.0 
1 
0 63:10.0 
0 
0 
0 
2 
0 
1 
1 
2 
2 
2 
2 
1 
1 10:10.0 
2 
1 109:10.0 
0 
1 
1 
0 
1 
0 
2 
1 110:10.0 
0 
1 111:10.0 
1 
2 112:10.0 
1 113:10.0 
2 
0 114:10.0 
1 
1 
2 115:10.0 
2 
0 
0 
2 
1 
0 
1 116:10.0 
0 
1 117:10.0 118:10.0 
0 
2 
1 
1 
1 
1 119:10.0 
2 120:10.0 
2 8:10.0 
2 
2 41:10.0 
0 
1 
1 121:10.0 10:10.0 
2 
2 
1 
1 122:10.0 
1 
2 
1 
0 
0 123:10.0 124:10.0 
1 125:10.0 
1 
1 
2 
1 126:10.0 
1 
0 127:10.0 
1 
1 3:10.0 
2 128:10.0 
2 
2 129:10.0 
2 
0 
2 130:10.0 
2 
1 131:10.0 
2 
1 
2 4:10.0 
1 
2 
0 
1 133:10.0 
1 
2 134:10.0 
1 
1 135:10.0 
0 10:10.0 
2 
1 
1 
2 
2 3:10.0 
2 136:10.0 
2 109:10.0 
2 137:10.0 
2 
0 
0 67:10.0 
0 138:10.0 
0 
0 
2 
2 
2 
2 
2 139:10.0 
2 
1 
2 85:10.0 
2 
0 
0 140:10.0 
0 140:10.0 
2 141:10.0 
0 
2 142:10.0 
1 
2 
1 
0 
2 
0 
1 143:10.0 
0 144:10.0 
1 
0 
0 
0 
2 
0 
0 18:10.0 
0 
1 
1 
2 
1 
2 145:10.0 
1 
0 
0 
0 
0 
2 146:10.0 
0 
0 
2 147:10.0 
2 
0 
2 18:10.0 
2 
0 10:10.0 
0 
0 
2 
0 148:10.0 
1 
0 
0 150:10.0 149:10.0 
1 
0 
2 151:10.0 
1 
2 10:12.537409829101218 
1 
0 
0 
2 
1 152:10.0 
0 153:10.0 
2 
0 
2 
1 
0 
2 47:10.0 
0 
2 
0 154:10.0 
2 
1 
1 155:10.0 
2 
1 18:10.0 
1 
2 
1 
2 156:10.0 67:10.0 
2 158:10.0 157:10.0 
1 
2 66:10.0 
2 
0 
0 
0 
1 
0 
2 
0 159:10.0 
2 161:10.0 160:10.0 
2 58:10.0 
2 85:10.0 
2 135:10.0 
2 162:10.0 
0 
0 
2 
1 10:10.0 
2 
1 163:10.0 
0 
0 
0 
1 
2 165:10.0 164:10.0 
2 67:10.0 
0 
2 166:10.0 
1 
0 
1 167:10.0 
2 
1 
2 
2 168:10.0 
2 
1 
1 
2 
0 
1 
0 169:10.0 
2 85:10.0 
0 
1 
2 
1 
0 
1 
2 
0 
0 
0 
2 
0 
1 170:10.0 
2 7:10.0 171:10.0 
1 173:10.0 172:10.0 
2 8:10.0 174:10.0 
1 
2 
1 85:10.0 
2 175:10.0 
0 10:10.0 
2 
0 
1 176:10.0 
0 
1 
2 177:10.0 
0 
1 10:10.0 
2 
0 
1 
0 
0 
1 
1 178:10.0 
0 180:10.0 179:10.0 
1 
2 
1 
2 
1 181:10.0 
2 
0 
0 
1 
1 
2 
0 182:10.0 
0 183:10.0 
2 18:10.0 
0 184:10.0 
0 185:10.0 
2 
0 
0 
2 
1 
0 
0 
2 
1 
0 
0 
1 10:10.0 
0 
0 
0 186:10.0 
1 
0 
0 187:10.0 
0 
1 75:10.0 
0 
2 
1 
0 
1 
0 
2 
2 135:10.0 
0 188:10.0 
2 
1 189:10.0 
0 
1 
0 
2 190:10.0 
0 191:10.0 
0 191:10.0 
2 
1 
0 192:10.0 
2 
1 10:10.0 
2 10:10.0 
1 194:10.0 193:10.0 
0 
0 
0 85:10.0 
1 
2 10:10.0 
1 
2 195:10.0 
1 
1 
0 
2 
1 
0 
0 
0 
1 
1 
1 
0 
0 196:10.0 
0 
0 
2 
0 197:10.0 
0 198:10.0 
1 
2 
1 67:10.0 
2 197:10.0 
1 
1 10:10.0 
0 199:10.0 
1 
2 
2 
1 18:10.0 
0 
2 10:10.0 
1 10:10.0 
0 
1 200:10.0 
1 18:10.0 
2 
0 
0 
0 201:10.0 
1 10:10.0 
2 
2 
1 202:10.0 
1 10:10.0 203:10.0 
0 
1 
1 
0 206:10.0 
2 10:10.0 
0 
0 
2 
1 
1 22:10.0 
1 
2 
1 
2 207:10.0 208:10.0 
1 
1 
2 
0 
1 
2 
1 10:10.0 
1 
2 
0 
0 
2 165:10.0 209:10.0 
2 85:10.0 
2 
2 210:10.0 
2 
1 
1 211:10.0 
0 212:10.0 
1 
2 
0 
0 213:10.0 
0 
0 
1 214:10.0 
2 8:10.0 
1 
0 215:10.0 
2 
1 216:10.0 
0 217:10.0 
0 
1 159:10.0 
1 22:10.0 
0 218:10.0 
1 
0 
0 
0 
0 
0 
2 
2 
0 219:10.0 
0 
2 10:10.0 220:10.0 
2 
2 
0 124:10.0 
0 10:10.0 
0 
2 222:10.0 
0 
0 223:10.0 224:10.0 
0 223:10.0 224:10.0 
2 
2 225:10.0 
1 
1 
1 
1 
1 
1 
1 
2 
0 
0 85:10.0 
0 
0 226:10.0 
0 
2 
0 
2 109:10.0 
1 227:10.0 
2 85:10.0 
0 
0 
2 
0 
2 228:10.0 229:10.0 
2 230:10.0 
0 14:10.0 
0 
0 
1 231:10.0 
1 
0 232:10.0 
1 233:10.0 
1 
0 
1 234:10.0 
2 235:10.0 
1 236:10.0 
2 
0 237:10.0 
1 10:10.0 
0 
0 
1 10:10.0 
2 
0 238:10.0 
1 239:10.0 
0 
0 
0 
0 
2 208:10.0 
2 
0 240:10.0 
0 
0 
2 
2 241:10.0 
0 
2 
2 
1 10:10.0 
0 
0 
2 
0 
0 
2 
2 
2 
1 242:10.0 
2 
2 
2 
2 
2 
2 
2 
2 
2 
2 
2 
2 
2 
2 
2 
2 
2 
2 
2 
2 
2 
2 
2 
2 
2 
0 243:10.0 
2 
0 197:10.0 
0 
1 
2 244:10.0 
1 
0 177:10.0 
0 
0 
0 
0 
0 
2 245:10.0 
2 
1 
2 246:10.0 
1 
2 247:10.0 
0 85:10.0 
0 
0 248:10.0 
0 
0 
0 
0 85:10.0 
0 249:10.0 
0 250:10.0 
0 
0 
0 
0 
2 251:10.0 
1 
0 214:10.0 
0 252:10.0 
0 252:10.0 
0 
0 253:10.0 
1 
0 
0 
2 
0 254:10.0 
0 
0 10:10.0 
2 
0 255:10.0 
1 
2 
2 
1 
2 
0 256:10.0 
2 
0 
2 
2 
0 
0 
0 
1 
0 
1 
2 136:10.0 
0 257:10.0 
0 
0 18:10.0 
2 
2 258:10.0 
2 259:10.0 
2 
1 
2 
1 
0 
2 
0 
2 
0 56:10.0 
0 
1 
1 41:10.0 
0 
0 
2 
1 
0 260:10.0 
0 261:10.0 
0 261:10.0 
0 261:10.0 
0 10:10.0 
0 
0 262:10.0 
0 
0 
0 
2 64:10.0 
2 
0 
1 263:10.0 
0 
1 264:10.0 
1 
0 
2 
0 265:10.0 
1 
2 
0 
1 
2 266:10.0 
2 
0 
2 
2 
2 56:10.0 
0 268:10.0 267:10.0 
0 269:10.0 
1 
2 
2 
2 
0 
1 270:10.0 
0 271:10.0 
1 
2 
0 115:10.0 
2 
2 272:10.0 
0 
1 
0 
0 
2 
0 273:10.0 
1 
0 
2 274:10.0 
2 275:10.0 
0 
0 276:10.0 
0 277:10.0 
2 
0 278:10.0 
0 
1 
1 
2 
2 
2 279:10.0 18:10.0 
2 
0 280:10.0 
0 
2 85:10.0 
2 67:10.0 
2 
1 
2 281:10.0 
1 
1 282:10.0 
0 10:10.0 
2 
0 
2 
0 
0 
0 
0 
2 
0 
2 
2 
1 
0 283:10.0 
2 
1 
0 
0 
1 
1 
0 284:10.0 
2 
2 
1 
0 
2 
0 
0 
0 
0 
0 65:10.0 
2 
1 
0 
0 285:10.0 
0 
0 287:10.0 286:10.0 
0 288:10.0 
1 289:10.0 
1 
0 
1 
1 
1 
2 290:10.0 
2 
2 291:10.0 
1 
0 
2 292:10.0 
0 293:10.0 
0 
0 
1 
1 
1 
0 
0 
0 
0 294:10.0 
0 295:10.0 
0 
2 296:10.0 
0 297:10.0 298:10.0 
2 
0 299:10.0 
1 10:10.0 
0 
2 300:10.0 93:10.0 
1 
2 
1 
0 
1 
1 301:10.0 
1 
2 7:10.0 
0 
0 
2 
2 
2 
2 
2 
2 
2 
2 
2 
2 
2 
2 
2 
2 
2 
2 
2 
2 
2 
2 
2 
2 
2 
2 
2 
0 
0 
2 
2 
1 
0 
1 302:10.0 
0 197:10.0 
0 4:10.0 
2 
2 
0 18:10.0 
2 303:10.0 304:10.0 
0 
1 
0 305:10.0 
2 
2 
2 56:10.0 
1 
1 
2 
2 58:10.0 
0 10:10.0 
1 
2 
1 306:10.0 
1 
2 
1 85:10.0 
2 
2 
0 
0 
1 
0 
1 307:10.0 
1 
2 
2 
1 10:10.0 
2 
2 
0 
0 308:10.0 
1 
1 
0 
0 
0 
0 
0 
1 
1 
0 
2 
2 309:10.0 
2 115:10.0 
1 
1 311:10.0 
2 216:10.0 
2 
0 18:10.0 
0 
1 
2 
0 
2 
0 
1 312:10.0 
1 
0 313:10.0 
0 314:10.0 
0 314:10.0 
2 
0 
1 
1 18:10.0 
0 315:10.0 
0 
2 
1 
2 316:10.0 
1 
0 
1 18:10.0 
0 
2 317:10.0 
2 
0 47:10.0 
0 318:10.0 
0 
0 
1 18:10.0 
0 
1 
2 319:10.0 
2 320:10.0 
2 
2 321:10.0 
0 322:10.0 
0 
0 
0 323:10.0 
0 
0 
2 
2 10:10.0 
1 
0 85:10.0 324:10.0 
0 
0 
2 
2 
1 
2 
0 325:10.0 
2 
1 
2 327:10.0 326:10.0 
2 
0 
2 
0 
0 
0 
0 115:10.0 
1 328:10.0 
1 
1 
2 
1 
1 
0 330:10.0 329:10.0 
2 138:10.0 
2 
2 
0 331:10.0 
0 
0 0:10.0 
0 
0 
0 
0 
0 
2 332:10.0 
0 138:10.0 333:10.0 
1 
2 334:10.0 
1 
2 
2 
2 
0 335:10.0 
0 
0 
0 
1 336:10.0 
1 337:10.0 
0 
0 
0 338:10.0 
1 
0 
0 
1 
0 
2 339:10.0 
2 
0 
1 
0 340:10.0 
2 
2 
1 341:10.0 
2 
1 342:10.0 
2 
0 85:10.0 
1 
0 343:10.0 
0 344:10.0 
0 85:10.0 345:10.0 
1 
0 
0 
0 
0 
0 
0 
2 346:10.0 
1 
0 
0 
2 22:10.0 
0 347:10.0 
0 
0 
2 
1 348:10.0 
2 
0 
0 
0 
0 349:10.0 
1 350:10.0 351:10.0 
1 352:10.0 
0 
0 
0 
0 
0 
0 
1 
0 185:10.0 
1 
2 353:10.0 
1 
1 
1 
0 39:10.0 
1 
1 354:10.0 
0 
0 355:10.0 
2 356:10.0 
1 357:10.0 
0 
2 
0 358:10.0 
1 
0 
0 
0 
1 359:10.0 
0 
2 324:10.0 
1 360:10.0 
0 361:10.0 362:10.0 
0 
0 363:10.0 
0 
1 
0 
0 
1 58:10.0 
0 
1 
0 
0 
1 365:10.0 364:10.0 
1 
1 
0 
0 366:10.0 
1 367:10.0 
1 367:10.0 
1 
0 
0 85:10.0 
0 
1 
1 368:10.0 369:10.0 
0 370:10.0 
0 18:10.0 
0 
0 
1 
0 
0 
1 371:10.0 372:10.0 
1 371:10.0 372:10.0 
1 371:10.0 372:10.0 
1 371:10.0 372:10.0 
1 371:10.0 372:10.0 
1 371:10.0 372:10.0 
1 371:10.0 372:10.0 
2 374:10.0 373:10.0 
0 
1 
0 
1 
1 375:10.0 
0 
1 376:10.0 
0 
1 
1 
1 
0 
0 
0 
0 
2 56:10.0 
1 
0 85:10.0 
0 
1 
1 
0 85:10.0 
0 140:10.0 
0 85:10.0 
0 
0 377:10.0 
1 
2 378:10.0 
0 
0 
0 
0 
0 379:10.0 
0 
0 
2 380:10.0 
0 
0 381:10.0 
2 
0 
0 
0 
0 85:10.0 
0 85:10.0 
1 382:10.0 
0 10:10.0 
0 383:10.0 
0 67:10.0 
0 85:10.0 
0 
0 
1 214:10.0 
2 
0 
0 384:10.0 
0 
0 
0 
0 47:10.0 
0 
1 385:10.0 
0 
0 
0 
0 
0 
0 
0 
0 
0 
0 10:10.0 
0 
0 
0 
2 256:10.0 
0 386:10.0 
0 388:10.0 387:10.0 
1 138:10.0 389:10.0 
0 
0 
0 390:10.0 
0 391:10.0 
0 
0 
0 
0 
1 165:10.0 
1 
0 392:10.0 
0 85:10.0 
0 
0 
0 393:10.0 85:10.0 
0 
0 
1 39:10.0 
0 
0 147:10.0 
0 
0 
0 394:10.0 
0 
0 
0 
0 
0 
0 
0 395:10.0 
0 
0 
0 
0 
0 
0 396:10.0 
0 
0 85:10.0 
0 397:10.0 
0 
0 
0 
2 
2 
0 398:10.0 
0 
1 399:10.0 
0 197:10.0 
1 
0 85:10.0 
0 
2 
0 
1 
0 67:10.0 
0 
0 
1 67:10.0 
1 67:10.0 
2 
2 
0 
2 
1 400:10.0 
0 
1 
2 
0 
2 18:10.0 
2 
0 10:10.0 
2 
2 
2 
2 
2 
2 
2 
2 
2 
2 
2 
2 
2 
2 
2 
2 
2 
2 
2 
2 
2 
2 
2 
2 
2 
2 18:10.0 
2 401:10.0 
