0 
1 11:10.0 
1 
0 
0 13:10.0 
0 16:10.0 
2 17:10.0 
2 
0 18:10.0 
0 18:10.0 
2 20:10.0 19:10.0 
1 
2 
0 
2 
2 
0 22:10.0 
2 
2 
1 23:10.0 
0 
0 24:10.0 
1 
2 25:10.0 
0 
0 
2 
0 
2 
1 
2 13:10.0 
1 
2 26:10.0 
1 
1 
0 27:10.0 
2 28:10.0 
2 29:10.0 
1 
1 
2 
0 
0 
1 
2 17:10.0 
1 
0 30:10.0 
1 
1 
1 
2 31:10.0 
0 
1 32:10.0 
1 
2 
1 
0 
1 33:10.0 
1 
2 13:10.0 
0 
1 
0 
0 34:10.0 
0 34:10.0 
2 
0 35:10.0 
0 
0 
2 
1 
2 
1 
1 
2 
2 
2 13:10.0 36:10.0 
2 
1 
1 
1 
1 37:10.0 
1 
0 
0 
2 38:10.0 
2 
1 
1 
1 
2 
1 
0 
0 
0 
0 
0 39:10.0 
2 
0 40:10.0 
0 40:10.0 
1 
2 
1 
2 
2 41:10.0 
1 13:10.0 
0 
0 
2 
2 
0 
2 42:10.0 
2 43:10.0 
1 
1 
0 
2 44:10.0 
0 
1 
0 
0 
2 45:10.0 
1 
0 46:10.0 
0 
0 47:10.0 
2 
1 
0 
0 
0 
2 
1 
2 
1 
0 
0 
0 
2 48:10.0 
0 
0 
1 
2 
2 
0 49:10.0 
0 
0 
0 
1 
1 
2 
1 
1 
2 50:10.0 
0 
0 
2 
2 
0 
2 
2 51:10.0 
0 52:10.0 
2 
2 53:10.0 
0 54:10.0 
0 54:10.0 
0 54:10.0 
2 
0 
0 
1 
1 
0 
0 
0 
2 
0 55:10.0 
0 56:10.0 
2 
2 
2 
0 
2 
2 57:10.0 58:10.0 
1 
0 
0 
0 
1 
0 59:10.0 
2 
0 
2 
0 
0 
2 
0 60:10.0 
2 
1 
1 
0 
0 
1 
0 
2 
0 
2 
0 
0 
0 
0 
2 61:10.0 
0 62:10.0 
2 
0 
1 
1 60:10.0 40:10.0 
1 63:10.0 
2 4:10.0 
1 64:10.0 65:10.0 
1 
1 
2 
2 
2 
2 
2 
2 
2 
2 
2 
2 
2 
2 
2 
2 
2 
2 
2 
2 
2 
2 
2 
2 
2 
2 
2 
2 
1 
1 
0 
0 
0 
1 
0 
0 
1 13:10.0 
0 
2 13:10.0 
2 66:10.0 67:10.0 
0 
2 
1 
2 
2 58:10.0 
2 68:10.0 
2 67:10.0 
0 
2 
2 
0 
0 
2 
0 69:10.0 
0 70:10.0 
0 71:10.0 
0 
2 72:10.0 
0 73:10.0 
0 74:10.0 
0 75:10.0 
0 
0 
0 
0 
1 
0 
0 
0 
0 
0 
0 
0 
2 
0 
0 
0 66:10.0 
2 
0 76:10.0 
1 77:10.0 
0 78:10.0 
0 78:10.0 
2 
2 
2 
0 
2 
2 13:10.0 
2 
0 79:10.0 
0 79:10.0 
0 79:10.0 
0 
2 
0 
2 
0 69:10.0 
0 69:10.0 
2 
0 
0 
0 
0 
0 80:10.0 
0 
0 
0 81:10.0 
2 59:10.0 
2 
0 
2 
0 
0 82:10.0 
2 83:10.0 
0 84:10.0 
2 85:10.0 
2 
0 
0 
0 
0 
0 86:10.0 
1 87:10.0 
0 
0 
0 67:10.0 
2 
0 
2 
0 
2 88:10.0 
0 89:10.0 
0 
0 
0 
0 
0 
0 
2 
2 90:10.0 
0 
0 13:10.0 
0 
2 91:10.0 
0 
0 
1 
2 
0 92:10.0 
0 93:10.0 
0 94:10.0 
0 
0 
0 95:10.0 
1 
0 95:10.0 
0 96:10.0 
0 
0 
0 
0 
0 97:10.0 
0 
0 
0 
2 98:10.0 
0 100:10.0 99:10.0 
0 
0 
0 101:10.0 
1 
2 
1 
0 
2 
1 
0 102:10.0 
0 
2 103:10.0 
0 104:10.0 
2 
0 
1 
0 
0 
0 105:10.0 
0 106:10.0 
2 107:10.0 
2 
0 
2 
2 
0 108:10.0 
2 109:10.0 
2 
1 
2 110:10.0 
0 
0 
0 
0 
0 
0 
0 
0 
2 
1 
0 13:10.0 
0 
0 
2 
0 13:10.0 
1 111:10.0 
2 58:10.0 
0 112:10.0 
0 112:10.0 
0 112:10.0 
0 
1 
0 113:10.0 
2 
0 
0 114:10.0 115:10.0 
2 116:10.0 
2 
2 
2 
2 
2 112:10.0 
0 
0 117:10.0 118:10.0 
0 117:10.0 118:10.0 
0 
2 
0 119:10.0 
0 119:10.0 
0 119:10.0 
0 120:10.0 
0 
0 
2 
1 121:10.0 
0 
2 122:10.0 
2 
2 
2 
0 
2 
2 123:10.0 
0 
0 124:10.0 
1 
0 
2 126:10.0 125:10.0 
1 
0 127:10.0 
1 
0 
0 
2 
0 
0 
0 
0 
0 
0 128:10.0 
0 
0 
0 
0 
1 
2 
1 129:10.0 
2 
1 130:10.0 
0 131:10.0 132:10.0 
0 131:10.0 132:10.0 
2 133:10.0 
2 
0 134:10.0 
0 
1 135:10.0 
2 
2 
0 
2 136:10.0 
0 
2 
0 
0 
2 137:10.0 
1 138:10.0 
2 
1 91:10.0 
1 
1 
1 
0 
1 
2 
2 
1 139:10.0 
1 
1 91:10.0 
2 
1 140:10.0 
2 112:10.0 
1 
1 141:10.0 
0 
0 
0 
0 56:10.0 
0 56:10.0 
2 142:10.0 
1 13:10.0 
0 
2 3:10.0 
1 
0 
0 143:10.0 
2 138:10.0 
1 
2 
0 129:10.0 111:10.0 
0 129:10.0 111:10.0 
0 129:10.0 111:10.0 
1 144:10.0 
1 
1 
1 
1 
1 
1 
0 67:10.0 
0 
2 
2 
0 
2 
0 
2 
0 145:10.0 
2 
1 
2 
0 146:10.0 
0 
1 
1 
0 
0 
0 
0 
2 
0 
0 147:10.0 
1 148:10.0 
1 149:10.0 
1 
1 
1 
2 
1 
0 
0 
2 150:10.0 
2 
2 151:10.0 
2 
0 
0 152:10.0 
0 153:10.0 
0 
0 
2 
0 154:10.0 
0 
0 
0 
2 
0 
0 155:10.0 
2 57:10.0 
2 156:10.0 
1 157:10.0 
1 
2 41:10.0 
1 46:10.0 
1 
2 158:10.0 
2 111:10.0 
0 
0 
2 
0 
0 
0 
0 
1 159:10.0 
0 160:10.0 
2 161:10.0 
2 
2 
0 162:10.0 
0 163:10.0 
0 
2 13:10.0 
2 
0 164:10.0 
0 
0 165:10.0 
2 
2 
1 
0 
0 166:10.0 
0 166:10.0 
0 
1 167:10.0 
0 
0 168:10.0 
0 59:10.0 
2 
0 59:10.0 
2 
0 169:10.0 
2 
0 
2 
1 
1 
1 
2 91:10.0 
0 
0 
2 
0 170:10.0 
2 171:10.0 
0 172:10.0 
1 
2 173:10.0 
2 173:10.0 
2 173:10.0 
2 173:10.0 
2 173:10.0 
2 173:10.0 
2 173:10.0 
2 173:10.0 
2 173:10.0 
2 173:10.0 
2 173:10.0 
2 173:10.0 
2 173:10.0 
2 173:10.0 
2 173:10.0 
2 173:10.0 
2 173:10.0 
2 173:10.0 
2 173:10.0 
2 173:10.0 
2 173:10.0 
2 173:10.0 
2 173:10.0 
2 173:10.0 
2 173:10.0 
1 
1 
1 
2 
0 
1 
1 174:10.0 
2 
0 
1 164:10.0 
1 
1 
1 
0 
1 175:10.0 
1 
2 
2 176:10.0 
1 177:10.0 
2 178:10.0 
0 179:10.0 
0 
2 
0 
2 
0 
2 166:10.0 
0 
1 
1 
0 
0 
2 180:10.0 
0 91:10.0 
0 91:10.0 
1 178:10.0 
1 
2 
2 
1 
0 181:10.0 
2 
1 
0 
1 
2 
2 182:10.0 
0 
2 91:10.0 
2 13:10.0 
2 184:10.0 183:10.0 
2 
2 
0 
0 3:10.0 
0 29:10.0 
0 29:10.0 
2 
0 
0 185:10.0 
0 185:10.0 
0 
0 
2 186:10.0 
2 
0 
0 
2 187:10.0 
1 
0 188:10.0 
0 
2 
0 189:10.0 
2 
0 
1 
0 
1 190:10.0 
0 191:10.0 
1 192:10.0 
1 193:10.0 
1 194:10.0 
1 
1 
0 
2 195:10.0 
1 
2 196:10.0 
1 197:10.0 
2 
2 
0 198:10.0 
0 198:10.0 
0 199:10.0 
2 
1 
2 
0 
0 
1 
1 
1 
2 
1 
0 
0 
2 200:10.0 
2 
0 
0 
0 201:10.0 
0 
0 
1 
0 
2 
0 
0 
0 
0 
1 
2 
0 
1 202:10.0 
0 203:10.0 
0 
0 
0 17:10.0 
0 204:10.0 
1 
2 
0 
0 
0 
0 
0 59:10.0 
0 59:10.0 
2 
0 
1 
0 
1 
1 
0 
1 
0 
2 
1 205:10.0 
1 205:10.0 
1 205:10.0 
1 205:10.0 
1 205:10.0 
1 205:10.0 
1 205:10.0 
2 
0 
2 206:10.0 
0 207:10.0 
0 207:10.0 
0 
0 
0 
1 208:10.0 
0 
1 
0 209:10.0 
2 
0 
2 
2 
2 
0 111:10.0 
0 210:10.0 
0 210:10.0 
0 
2 
1 211:10.0 
1 
1 212:10.0 
0 213:10.0 166:10.0 
1 91:10.0 
2 
1 
2 
0 214:10.0 
0 
0 
1 
2 
1 
1 
1 
2 215:10.0 
1 
0 
0 
0 
0 
1 
1 91:10.0 
2 
2 2:10.0 
1 216:10.0 
1 
2 13:10.0 
2 217:10.0 
2 132:10.0 
2 
2 
0 
2 
1 
0 
0 218:10.0 
0 218:10.0 
0 219:10.0 
1 
1 221:10.0 220:10.0 
1 
1 
1 222:10.0 
1 223:10.0 
1 
2 
0 
0 224:10.0 
1 
0 
0 
1 104:10.0 
2 
0 225:10.0 
1 
0 
2 226:10.0 
1 178:10.0 
0 227:10.0 
1 17:10.0 
0 13:10.0 
2 
0 141:10.0 
0 
0 
1 
0 
0 
0 
1 
2 
1 
2 228:10.0 
0 229:10.0 
2 
0 
2 
2 
1 
1 
2 230:10.0 
1 
1 
2 
0 
1 
2 
2 
2 
2 
2 
2 
2 
2 
2 
2 
2 
2 
2 
2 
2 
2 
2 
2 
2 
2 
2 
2 
2 
2 
2 
1 231:10.0 
0 232:10.0 
0 
0 
0 
0 
1 
1 
0 
0 
0 
0 
1 
1 
0 233:10.0 
2 
1 
2 235:10.0 234:10.0 
0 
2 
0 
0 
1 236:10.0 
2 
1 40:10.0 
2 
2 
1 
1 
2 
2 
0 237:10.0 
2 
0 
1 
2 
0 107:10.0 
0 
0 
0 
1 175:10.0 
0 
0 238:10.0 
1 
2 
2 
1 29:10.0 
1 59:10.0 
1 
2 
2 
2 
2 
2 
2 
2 
2 
2 
2 
2 
2 
2 
2 
2 
2 
2 
2 
2 
2 
2 
2 
2 
2 
2 
1 
2 239:10.0 
1 240:10.0 
2 
0 
2 
2 
0 
1 
2 
1 
1 
2 
2 
2 
1 
1 
2 74:10.0 
2 241:10.0 
1 
1 
2 242:10.0 
0 243:10.0 
0 
0 
0 70:10.0 
1 
2 244:10.0 
2 
1 
1 41:10.0 
1 
1 207:10.0 
0 
0 
1 245:10.0 
1 128:10.0 
0 
1 
2 
2 
0 
0 
0 
2 
2 171:10.0 
1 126:10.0 
1 
2 
0 
0 
2 246:10.0 
2 
2 195:10.0 
0 247:10.0 
1 
0 248:10.0 
1 185:10.0 
2 
2 
1 
1 
2 
1 
1 
1 
1 
1 
2 
0 
1 
1 249:10.0 
2 70:10.0 
2 
1 23:10.0 
0 
1 
0 
2 
0 250:10.0 
0 251:10.0 
2 
1 252:10.0 
2 
2 184:10.0 67:10.0 
0 
2 
2 
2 253:10.0 
2 
2 13:10.0 
2 
1 255:10.0 254:10.0 
0 
2 115:10.0 
0 
2 
0 
0 
0 
1 
0 
2 
1 256:10.0 
2 257:10.0 258:10.0 
2 
2 257:10.0 258:10.0 
2 257:10.0 258:10.0 
2 257:10.0 258:10.0 
2 257:10.0 258:10.0 
2 257:10.0 258:10.0 
2 257:10.0 258:10.0 
2 257:10.0 258:10.0 
2 178:10.0 259:10.0 
2 257:10.0 258:10.0 
2 257:10.0 258:10.0 
2 257:10.0 258:10.0 
2 257:10.0 258:10.0 
2 257:10.0 258:10.0 
2 257:10.0 258:10.0 
2 257:10.0 258:10.0 
2 257:10.0 258:10.0 
2 257:10.0 258:10.0 
2 257:10.0 258:10.0 
2 257:10.0 258:10.0 
2 257:10.0 258:10.0 
2 257:10.0 258:10.0 
2 257:10.0 258:10.0 
2 257:10.0 258:10.0 
2 257:10.0 258:10.0 
2 
2 257:10.0 258:10.0 
0 
0 
0 
0 259:10.0 
0 
2 
1 166:10.0 260:10.0 
2 261:10.0 
0 126:10.0 113:10.0 
0 126:10.0 113:10.0 
1 74:10.0 
2 262:10.0 
0 
0 
0 
1 
1 
1 
1 
1 263:10.0 
1 
2 
2 
2 
2 
2 
2 
2 
2 
2 
2 
2 
2 
2 
2 
2 
2 
2 
2 
2 
2 
2 
2 
2 
2 
2 
1 
0 127:10.0 
1 264:10.0 265:10.0 
0 266:10.0 
2 267:10.0 
0 
1 
0 
0 
2 268:10.0 
0 269:10.0 
0 
0 
2 13:10.0 
1 270:10.0 
1 
0 
0 
2 
1 
0 
2 
0 
1 
0 
2 153:10.0 
0 
2 184:10.0 
1 
2 129:10.0 
1 271:10.0 
1 
1 
1 272:10.0 
2 
2 
0 273:10.0 274:10.0 
0 273:10.0 274:10.0 
1 
0 
0 
0 59:10.0 
1 
2 
0 
1 
2 
2 
0 
2 
2 
2 
0 275:10.0 
0 275:10.0 
1 220:10.0 
1 
1 
1 
0 
1 276:10.0 
2 
0 79:10.0 
0 79:10.0 
0 79:10.0 
0 
1 
2 
1 
2 
2 
2 
0 
1 
1 
1 
1 
1 
1 
1 277:10.0 
0 
2 
0 278:10.0 111:10.0 
2 
2 
0 
0 
0 
1 279:10.0 
1 70:10.0 
2 280:10.0 
1 
1 
2 
1 
1 281:10.0 
1 
1 
1 
1 
1 
1 
1 
1 
0 
0 
0 
1 
1 
1 282:10.0 
0 
0 
1 13:10.0 
1 
2 283:10.0 
1 
0 
2 
2 
1 
1 
2 
2 
1 
1 
0 
1 
1 
1 
1 
2 
2 179:10.0 
1 284:10.0 
2 285:10.0 
1 
0 
0 
1 
2 
1 
2 287:10.0 286:10.0 
0 146:10.0 
0 146:10.0 
2 64:10.0 
0 
1 288:10.0 
2 
1 
2 289:10.0 
2 290:10.0 
0 
0 
0 
0 
0 
0 
1 
1 291:10.0 
0 146:10.0 
2 
0 
0 
0 
2 
1 149:10.0 
1 61:10.0 
1 
1 138:10.0 
2 292:10.0 293:10.0 
0 
1 
1 294:10.0 
1 
2 56:10.0 
2 295:10.0 
2 
2 
2 296:10.0 
0 
0 
2 
2 
2 297:10.0 
1 
2 
2 
1 
2 
0 
2 
2 
2 
2 
0 
0 
0 
1 
2 146:10.0 
2 
1 59:10.0 
0 
0 
1 129:10.0 298:10.0 
2 
2 
0 299:10.0 
0 299:10.0 
0 299:10.0 
0 300:10.0 
1 
2 301:10.0 
2 302:10.0 303:10.0 
1 304:10.0 
2 
1 
0 
0 
0 305:10.0 92:10.0 
0 305:10.0 92:10.0 
1 
2 120:10.0 
2 306:10.0 
2 307:10.0 
2 
1 
0 
1 
1 
1 
2 
1 234:10.0 
1 
2 
1 
1 
1 
1 
1 
1 
1 
0 308:10.0 
0 308:10.0 
0 309:10.0 
0 309:10.0 
1 
1 
2 
0 
0 
0 
2 
1 310:10.0 
0 
1 91:10.0 
0 311:10.0 
0 
1 312:10.0 
0 295:10.0 
0 295:10.0 
0 313:10.0 
0 313:10.0 
0 260:10.0 
2 
2 124:10.0 
0 
0 
2 
0 13:10.0 
1 
2 314:10.0 
0 
0 
2 
2 
2 
2 
1 
0 
2 
1 
2 
0 
0 
0 315:10.0 
0 316:10.0 
2 317:10.0 
2 13:10.0 
2 318:10.0 
0 
0 
0 
1 
0 40:10.0 
0 40:10.0 
1 
0 319:10.0 111:10.0 
2 
2 
2 
2 146:10.0 320:10.0 
0 
0 
1 
2 
2 
0 
0 
1 321:10.0 
1 
1 66:10.0 
0 
0 
0 
1 
2 
2 322:10.0 
2 
1 
0 
0 295:10.0 
1 112:10.0 91:10.0 
0 
1 
1 323:10.0 
1 
2 
2 91:10.0 
2 
0 324:10.0 
1 
2 
0 325:10.0 
0 325:10.0 
0 
1 
0 
0 
2 326:10.0 327:10.0 
1 328:10.0 
2 329:10.0 330:10.0 
0 
0 
0 
1 
1 
2 
2 
2 164:10.0 
2 
0 
1 324:10.0 
0 
2 
2 13:10.0 
2 59:10.0 
1 331:10.0 
2 
2 13:10.0 
2 92:10.0 
1 
1 
1 332:10.0 
0 
2 
2 
1 
0 333:10.0 
1 
1 
1 
0 
2 126:10.0 50:10.0 
2 334:10.0 
0 
0 
0 
2 
0 
0 
0 
1 
0 129:10.0 
1 335:10.0 
0 
2 
0 336:10.0 
1 
2 
2 23:10.0 
0 
0 
1 
1 59:10.0 
1 
0 337:10.0 
0 
1 
0 
2 
2 338:10.0 
2 339:10.0 
2 
1 340:10.0 341:10.0 
0 
1 
1 13:10.0 
0 
1 
1 
2 
2 342:10.0 
1 
0 
2 
1 343:10.0 
0 
0 
0 193:10.0 
0 193:10.0 
0 67:10.0 
1 
1 
2 
2 
1 344:10.0 
1 
1 
2 345:10.0 
0 252:10.0 
2 
1 
1 
1 111:10.0 
2 
2 
1 
1 
2 
1 
2 
1 
0 
0 19:10.0 
1 
2 
1 
2 13:10.0 
1 
0 
2 
0 13:10.0 347:10.0 
2 
1 
2 
1 
2 348:10.0 
2 349:10.0 
0 
0 146:10.0 
1 
0 
1 
0 50:10.0 
1 
1 
0 350:10.0 
0 350:10.0 
1 120:10.0 
1 13:10.0 
2 
2 128:10.0 
2 
1 
1 
1 
0 
2 
2 351:10.0 
0 259:10.0 
2 126:10.0 
1 66:10.0 
1 
1 352:10.0 
2 
2 354:10.0 353:10.0 
1 
2 
0 
1 
0 
1 
1 
1 
1 
1 59:10.0 
2 
1 
2 
2 
2 
1 
1 
2 
1 356:10.0 
0 
2 
1 
2 
1 357:10.0 
2 
2 
2 
1 
0 358:10.0 
0 358:10.0 
2 
0 
2 
2 
2 
1 359:10.0 
0 
1 
1 
0 92:10.0 
2 
0 92:10.0 
0 360:10.0 
0 360:10.0 
0 
2 
2 
0 67:10.0 
0 67:10.0 
1 
0 361:10.0 
2 
0 
2 
2 
1 362:10.0 363:10.0 
2 67:10.0 
2 365:10.0 364:10.0 
1 
0 366:10.0 
2 
2 
1 
0 13:10.0 
0 
2 
2 
2 
2 
2 
2 
2 
2 
2 
2 
2 
2 
2 
2 
2 
2 
2 
2 
2 
2 
2 
2 
2 
2 
2 
1 
1 
2 
2 367:10.0 368:10.0 
2 
1 369:10.0 
0 
1 
2 
2 67:10.0 
0 370:10.0 
0 370:10.0 
2 
1 
2 
1 371:10.0 
2 372:10.0 
2 373:10.0 
2 374:10.0 
2 
1 375:10.0 
2 
2 
1 
2 
1 369:10.0 
2 376:10.0 
0 
0 
1 377:10.0 378:10.0 
2 
1 
2 
2 
0 
0 
2 92:10.0 
2 379:10.0 
1 
0 380:10.0 340:10.0 
2 381:10.0 
2 382:10.0 
2 280:10.0 
0 111:10.0 
0 111:10.0 
2 
0 
0 
1 383:10.0 
2 257:10.0 
0 
0 
1 
2 
2 
0 
1 
0 384:10.0 
2 
1 385:10.0 
0 
2 
0 
0 
2 
1 386:10.0 
0 
2 
0 387:10.0 
0 387:10.0 
0 
2 373:10.0 
0 
1 388:10.0 
2 
0 111:10.0 
0 111:10.0 
0 111:10.0 
0 
0 
0 
0 206:10.0 
2 
1 
2 13:10.0 
0 
1 
2 
2 
1 
2 193:10.0 92:10.0 
2 
0 
1 295:10.0 
2 
1 
2 
2 
1 13:10.0 
0 
0 
2 
2 
2 
1 
2 
2 
2 
2 
2 
2 
2 
2 
2 
2 
2 
2 
2 
2 
2 
2 
2 
2 
2 
2 
2 
0 
0 
1 
1 
0 
2 
1 
1 
0 
0 
0 
0 
2 
0 
0 
1 
1 390:10.0 
2 
0 129:10.0 
2 
0 
0 146:10.0 
0 146:10.0 
0 146:10.0 
2 
1 
0 
2 
0 
0 
2 391:10.0 
0 
0 
0 392:10.0 
0 392:10.0 
2 
2 394:10.0 
2 
0 
1 
0 395:10.0 
0 336:10.0 
2 
0 49:10.0 
0 49:10.0 
2 
2 396:10.0 
0 
1 185:10.0 
1 
0 
0 
1 
0 
2 
0 
2 397:10.0 
2 234:10.0 
1 398:10.0 399:10.0 
1 398:10.0 399:10.0 
1 398:10.0 399:10.0 
1 398:10.0 399:10.0 
1 398:10.0 399:10.0 
1 398:10.0 399:10.0 
1 398:10.0 399:10.0 
0 
2 400:10.0 
0 170:10.0 
2 
2 400:10.0 401:10.0 
0 402:10.0 
0 403:10.0 
0 404:10.0 
2 405:10.0 
0 406:10.0 
2 
2 
1 
0 407:10.0 
1 
2 
2 408:10.0 
2 
1 
2 
2 
2 409:10.0 
1 
1 
2 
0 410:10.0 
0 410:10.0 
2 411:10.0 
2 92:10.0 
2 67:10.0 
2 412:10.0 
2 
1 
0 
2 413:10.0 
0 
2 13:12.873043241772905 
0 
2 70:10.0 
0 
0 
0 414:10.0 415:10.0 
2 416:10.0 
0 
0 
1 
2 256:10.0 
1 
0 417:10.0 
1 
1 418:10.0 220:10.0 
1 
2 419:10.0 
0 
2 
2 
2 
2 
2 
2 
2 
2 
2 
2 
2 
2 
2 
2 
2 
2 
2 
2 
2 
2 
2 
2 
2 
2 
2 
2 
2 
0 164:10.0 
0 164:10.0 
2 67:10.0 
0 
0 
0 
0 
0 420:10.0 421:10.0 
2 
0 
0 
1 
2 
2 422:10.0 
1 321:10.0 423:10.0 
1 424:10.0 
2 426:10.0 425:10.0 
2 428:10.0 427:10.0 
2 429:10.0 
0 13:10.0 
2 
1 
0 13:10.0 
0 
0 
0 430:10.0 
0 430:10.0 
2 
1 431:10.0 
1 257:10.0 
2 
0 13:10.0 
2 
0 
1 
1 
2 
1 
0 59:10.0 
2 
2 
1 
2 92:10.0 
2 
2 
0 13:10.0 
0 
1 59:10.0 
2 
0 358:10.0 
2 91:10.0 
1 
1 432:10.0 
2 
1 
0 111:10.0 
1 433:10.0 
2 434:10.0 
2 
0 
0 435:10.0 
0 435:10.0 
0 
1 
0 
0 
0 
1 
0 437:10.0 436:10.0 
1 66:10.0 41:10.0 
2 67:10.0 
2 438:10.0 
2 
0 
1 
2 
2 
0 439:10.0 
0 
2 
0 91:10.0 
0 91:10.0 
1 
2 
1 255:10.0 
1 
0 
0 
2 
0 
0 
2 
2 
1 
2 
2 
0 440:10.0 
0 380:10.0 
0 
1 
1 
1 
1 
1 
1 
1 
2 
0 441:10.0 
1 
2 
2 442:10.0 
2 
2 
2 
2 
2 
2 443:10.0 
0 
0 354:10.0 
0 146:10.0 
2 67:10.0 
0 444:10.0 
0 
2 
2 179:10.0 
2 445:10.0 
2 
0 446:10.0 
0 
0 
2 13:10.0 
0 
0 
0 
0 
0 
0 
0 
0 58:10.0 
0 58:10.0 
0 58:10.0 
2 
1 
0 
1 448:10.0 447:10.0 
0 
0 
0 
1 111:10.0 
2 
1 
2 
1 
0 449:10.0 
1 
2 
0 
0 
0 
2 
0 450:10.0 
1 
2 
1 
1 451:10.0 
1 
1 
0 
1 
1 
1 
0 452:10.0 
1 
1 
1 
2 453:10.0 
1 
1 
2 
1 
1 
2 
1 
1 
1 
1 454:10.0 
1 
1 
0 
0 
0 
0 455:10.0 
1 
1 
1 
1 
1 
2 
1 
1 
1 
1 
1 
1 
1 149:10.0 
1 13:10.0 
1 
1 
2 
0 
1 
1 
2 
1 
1 
1 456:10.0 
0 457:10.0 458:10.0 
2 
2 
1 
1 
1 
1 
0 
1 460:10.0 459:10.0 
1 295:10.0 
1 
0 
2 462:10.0 461:10.0 
1 
1 463:10.0 
1 
1 
1 464:10.0 
0 
0 
1 149:10.0 
1 
1 76:10.0 
0 465:10.0 
0 
0 
1 
0 
1 
2 
1 
2 466:10.0 
1 92:10.0 
1 
2 467:10.0 356:10.0 
1 
2 
0 
0 
0 
0 
2 468:10.0 
1 
1 
1 469:10.0 
1 
2 
2 112:10.0 
2 146:10.0 
1 
0 414:10.0 
1 470:10.0 
2 
2 
2 
2 
1 64:10.0 
1 
1 
2 471:10.0 
0 472:10.0 
0 472:10.0 
0 
2 
2 
0 146:10.0 
1 91:10.0 
0 
2 
0 
1 
1 
2 
0 
0 
0 
1 257:10.0 
2 127:10.0 
1 146:10.0 
2 473:10.0 
0 
2 
0 474:10.0 70:10.0 
2 475:10.0 
0 
1 
2 
0 
0 
2 
2 337:10.0 
2 476:10.0 
1 
1 
1 272:10.0 
0 477:10.0 
1 
1 478:10.0 
2 479:10.0 
2 
0 
1 480:10.0 
1 
0 
1 
0 145:10.0 
2 
1 
2 
1 
1 481:10.0 
2 
1 
2 299:10.0 
2 
1 
0 
0 
0 
1 
1 
1 
1 
1 
1 
1 
1 
1 
2 
2 482:10.0 
1 
0 
0 
2 
2 
2 
2 92:10.0 
0 483:10.0 
0 484:10.0 
2 
2 485:10.0 
1 
2 
2 
0 
0 
1 487:10.0 486:10.0 
2 488:10.0 
0 
2 489:10.0 
0 
2 
0 
0 
2 
2 
0 
0 
2 
0 
2 178:10.0 
1 74:10.0 
2 
2 
0 
0 
0 
1 491:10.0 490:10.0 
1 
2 492:10.0 
0 
0 
2 
2 493:10.0 
0 
2 
0 
0 
0 
1 126:10.0 
0 146:10.0 
1 
2 
0 
2 
2 494:10.0 
2 
2 13:10.0 495:10.0 
0 
2 497:10.0 496:10.0 
0 498:10.0 
0 498:10.0 
1 
2 
0 414:10.0 500:10.0 
0 76:10.0 501:10.0 
1 
0 
0 502:10.0 
2 
2 503:10.0 324:10.0 
0 504:10.0 
0 504:10.0 
2 92:10.0 
2 
2 505:10.0 
1 
0 
2 506:10.0 127:10.0 
2 
0 295:10.0 
2 507:10.0 
0 
0 
0 
0 509:10.0 508:10.0 
0 
0 
0 
0 509:10.0 508:10.0 
1 
2 510:10.0 
0 511:10.0 
1 
1 
1 
0 76:10.0 
0 76:10.0 
1 
1 512:10.0 
2 
0 477:10.0 
0 
1 
2 
0 
2 
0 
0 
1 
2 106:10.0 
0 405:10.0 
2 
1 
2 
2 13:10.0 513:10.0 
1 
2 514:10.0 
2 
0 13:10.0 
1 
0 515:10.0 
0 515:10.0 
2 
2 
0 
0 
2 
0 
1 
2 516:10.0 
0 
0 517:10.0 
2 
0 
1 518:10.0 
0 
2 
1 
0 
2 
0 
0 
1 
1 
2 355:10.0 
1 175:10.0 
0 
0 519:10.0 
0 
2 520:10.0 
1 
2 
0 
2 
0 
2 521:10.0 
2 
0 
2 
2 
1 
1 146:10.0 
1 146:10.0 
1 146:10.0 
1 146:10.0 
1 146:10.0 
1 146:10.0 
1 146:10.0 
0 
2 
2 
2 522:10.0 
0 
2 
2 523:10.0 
0 
2 
2 524:10.0 
2 525:10.0 526:10.0 
2 
0 
0 
2 494:10.0 
0 
0 
0 
2 
1 528:10.0 527:10.0 
0 529:10.0 
2 530:10.0 
2 95:10.0 
2 111:10.0 
2 514:10.0 
0 
0 13:10.0 531:10.0 
2 
2 
2 
0 
0 
1 
2 
0 
1 
2 67:10.0 
0 
0 
2 
2 532:10.0 
0 
0 504:10.0 
0 
0 
0 533:10.0 
0 13:10.0 95:10.0 
0 
0 
1 
0 41:10.0 
0 534:10.0 
2 535:10.0 
0 534:10.0 
0 
0 536:10.0 
1 
0 
2 
0 
2 537:10.0 
1 
0 13:10.0 
2 
2 
1 538:10.0 
0 
0 
0 
1 
1 
1 
1 
1 
1 
1 
2 
2 
2 539:10.0 
0 
2 
2 
2 
1 540:10.0 
2 193:10.0 
0 
0 
1 
2 
2 
0 541:10.0 
2 542:10.0 240:10.0 
2 543:10.0 
2 496:10.0 
0 
0 
0 
2 544:10.0 
0 545:10.0 
0 545:10.0 
0 545:10.0 
1 
0 
0 
0 
2 
0 
1 
1 
2 
2 
0 546:10.0 
0 
0 546:10.0 
0 
2 
2 
2 
2 
0 58:10.0 
2 
1 
2 267:10.0 
0 
2 
1 
1 547:10.0 
2 
0 
0 
2 
0 74:10.0 126:10.0 
0 548:10.0 
0 548:10.0 
0 548:10.0 
1 549:10.0 
2 
0 7:10.0 
2 
0 
1 146:10.0 
0 
1 
1 
2 
2 550:10.0 
1 
2 
2 551:10.0 
2 146:10.0 
0 
0 
0 552:10.0 
1 
2 
0 553:10.0 
2 
0 
0 
2 
0 157:10.0 
2 
0 554:10.0 
0 
2 
2 555:10.0 
2 504:10.0 556:10.0 
1 
1 557:10.0 
2 
0 146:10.0 558:10.0 
2 559:10.0 
2 560:10.0 
0 13:10.0 
0 
0 257:10.0 
0 257:10.0 
2 
0 
2 
1 
2 
1 
1 
0 
2 
1 
1 
2 
2 
2 561:10.0 
1 
2 562:10.0 
1 563:10.0 
1 564:10.0 
2 
1 565:10.0 
0 
0 
2 
2 
1 568:10.0 
1 127:10.0 
2 13:10.0 569:10.0 
0 570:10.0 
2 
1 
1 
2 
0 571:10.0 
0 572:10.0 
0 572:10.0 
1 
0 573:10.0 
2 
0 
0 
0 
0 
1 
0 
2 
2 492:10.0 
0 
1 
0 
0 
1 13:10.0 
1 
0 
2 164:10.0 
2 574:10.0 
1 
2 
0 
0 
0 
0 576:10.0 575:10.0 
0 576:10.0 575:10.0 
0 
0 
2 
1 577:10.0 
2 
1 
0 
0 
1 
2 
2 
0 
0 
1 
2 578:10.0 
0 
2 481:10.0 
1 
1 579:10.0 
1 
0 126:10.0 
1 
1 580:10.0 
0 
1 341:10.0 
1 
1 
2 
0 581:10.0 
2 
1 582:10.0 127:10.0 
0 
0 
2 
2 583:10.0 
1 
1 
1 584:10.0 585:10.0 
1 586:10.0 
0 
2 
0 
0 
1 587:10.0 
2 
2 
0 
2 
1 
2 
2 
1 
1 
1 
1 
0 
2 
1 193:10.0 
1 588:10.0 
1 
1 589:10.0 
0 368:10.0 
0 368:10.0 
0 368:10.0 
1 591:10.0 590:10.0 
1 592:10.0 
0 
2 
0 146:10.0 
1 
1 111:10.0 
2 
2 593:10.0 
1 
1 60:10.0 
1 
2 
1 
2 594:10.0 
0 257:10.0 
0 595:10.0 
2 
0 596:10.0 
1 597:10.0 
0 548:10.0 
1 
0 13:10.0 
0 598:10.0 
1 91:10.0 
2 599:10.0 
2 
1 91:10.0 
2 
0 600:10.0 
0 601:10.0 
0 
0 
0 602:10.0 
0 602:10.0 
0 602:10.0 
1 603:10.0 
2 
2 
2 
0 
1 
1 
2 
1 604:10.0 
2 
2 605:10.0 
0 
1 
1 
2 499:10.0 
0 606:10.0 
1 
0 
2 126:10.0 607:10.0 
1 608:10.0 
2 
1 
0 
1 
1 
1 
1 
1 
2 609:10.0 108:10.0 
1 
2 610:10.0 
1 611:10.0 
2 612:10.0 
1 126:10.0 
0 
0 
2 613:10.0 
1 41:10.0 
0 
1 
0 
1 
1 
2 127:10.0 
1 614:10.0 
2 615:10.0 
0 
0 616:10.0 
1 617:10.0 
0 
1 618:10.0 
0 
0 
0 
0 619:10.0 
1 
1 
0 
1 620:10.0 
2 
2 
0 
2 200:10.0 
0 13:10.0 
0 
1 621:10.0 
1 
2 
1 
1 
1 
2 
2 
1 
1 
2 
1 
0 
2 76:10.0 
0 
1 
0 329:10.0 
1 622:10.0 
1 
1 
1 623:10.0 
1 624:10.0 
1 
1 
2 
0 
2 
1 
0 625:10.0 
0 
1 626:10.0 
1 
1 
0 
1 
1 
2 627:10.0 
0 295:10.0 
0 
0 
1 
2 
0 146:10.0 
0 
1 
0 
2 
0 628:10.0 
2 3:10.0 
2 629:10.0 
1 
2 126:10.0 
2 
2 
0 
0 630:10.0 
1 
2 
1 631:10.0 
2 
1 632:10.0 
0 
0 
2 
2 
2 
0 146:10.0 
2 633:10.0 
2 
1 
1 
2 
2 634:10.0 
1 
2 172:10.0 635:10.0 
0 
2 
0 126:10.0 
2 636:10.0 
0 
2 
1 
0 
1 
0 
0 
2 
0 637:10.0 
1 
2 638:10.0 
1 
1 639:10.0 
2 
0 
0 
0 
2 29:10.0 640:10.0 
0 
0 
2 
2 146:10.0 
2 641:10.0 
2 642:10.0 
1 497:10.0 
0 
1 
2 643:10.0 
2 126:10.0 76:10.0 
1 644:10.0 
0 
2 127:10.0 
0 
1 645:10.0 
2 647:10.0 646:10.0 
2 648:10.0 
1 
0 
1 649:10.0 
0 
1 
2 651:10.0 650:10.0 
0 
0 
0 652:10.0 
0 
2 653:10.0 
0 654:10.0 
1 
0 
2 
1 655:10.0 
0 656:10.0 
0 657:10.0 
2 
0 
0 126:10.0 
2 659:10.0 658:10.0 
2 
0 
2 
0 
1 
2 
0 
2 660:10.0 
1 304:10.0 661:10.0 
2 662:10.0 663:10.0 
1 13:10.0 
1 178:10.0 
1 
1 
2 664:10.0 
2 665:10.0 
0 
2 
0 
2 666:10.0 
2 
2 
1 667:10.0 
0 668:10.0 
0 669:10.0 
2 
0 
1 
0 
0 
0 
2 
0 
1 
1 670:10.0 
1 
2 
1 671:10.0 
0 
2 41:10.0 
1 
2 672:10.0 
2 673:10.0 
2 674:10.0 
1 675:10.0 
2 
1 
0 
2 
2 
1 676:10.0 
2 677:10.0 
0 678:10.0 
1 
0 
1 679:10.0 
2 13:10.0 
2 
0 680:10.0 
1 681:10.0 
1 
1 
0 
0 
2 682:10.0 304:10.0 
2 654:10.0 
2 683:10.0 
2 126:10.0 193:10.0 
2 
2 684:10.0 
0 685:10.0 
0 685:10.0 
0 686:10.0 687:10.0 
0 619:10.0 
0 619:10.0 
2 
0 688:10.0 
1 
2 564:10.0 
0 689:10.0 
1 
0 
2 
2 
1 690:10.0 
1 146:10.0 691:10.0 
2 
2 
1 
2 
1 692:10.0 111:10.0 
0 693:10.0 695:10.0 694:10.0 
2 
2 
1 
0 696:10.0 
2 91:10.0 
1 697:10.0 
0 698:10.0 
0 
1 
0 
1 
0 699:10.0 
0 699:10.0 
0 699:10.0 
2 
0 700:10.0 
0 
0 
1 
2 127:10.0 
0 
2 
2 701:10.0 
0 702:10.0 
2 
0 
0 
0 
0 703:10.0 
0 
1 
0 704:10.0 
1 
2 499:10.0 
1 127:10.0 
0 
2 
0 
2 
1 705:10.0 
0 706:10.0 
1 707:10.0 
0 
0 
0 
2 
0 35:10.0 
0 708:10.0 
2 709:10.0 
2 710:10.0 
2 711:10.0 
2 
2 712:10.0 
0 713:10.0 
2 
2 
2 126:10.0 
1 13:10.0 
2 
0 
2 
0 
1 
2 
0 115:10.0 
0 715:10.0 714:10.0 
2 
2 
1 716:10.0 
2 193:10.0 
0 
0 
0 717:10.0 
0 718:10.0 
0 720:10.0 719:10.0 
0 720:10.0 719:10.0 
0 720:10.0 719:10.0 
1 
2 721:10.0 
2 
0 
0 722:10.0 
1 586:10.0 
2 
2 
0 
2 723:10.0 
0 
2 203:10.0 
0 
0 
0 13:10.0 
2 724:10.0 
0 
0 726:10.0 725:10.0 
0 
0 
0 
0 
0 727:10.0 
0 727:10.0 
0 727:10.0 
0 146:10.0 
0 
2 
0 
2 
0 728:10.0 
2 
0 729:10.0 
2 
2 684:10.0 730:10.0 
2 731:10.0 
2 
0 
0 732:10.0 
0 733:10.0 
0 734:10.0 
0 
2 
0 
1 
0 
0 
1 
2 
0 13:10.0 735:10.0 
0 13:10.0 735:10.0 
0 
0 
2 736:10.0 
0 737:10.0 738:10.0 
2 
1 
0 739:10.0 
2 13:10.0 
0 13:10.0 
2 
2 
0 740:10.0 
2 
2 499:10.0 
0 741:10.0 
2 126:10.0 
1 742:10.0 
0 743:10.0 
0 744:10.0 
0 
2 745:10.0 
1 
2 746:10.0 128:10.0 
0 
0 
0 
0 747:10.0 
0 13:10.0 
1 
0 
0 
0 
2 13:10.0 
2 748:10.0 
0 749:10.0 
0 
0 13:10.0 
1 
1 750:10.0 
2 126:10.0 
0 
0 
0 751:10.0 
0 
0 
0 751:10.0 
2 752:10.0 
2 
1 
2 
0 
2 
1 
0 
0 753:10.0 
2 
2 
2 755:10.0 754:10.0 91:10.0 
2 757:10.0 756:10.0 
2 758:10.0 
1 759:10.0 
0 
2 146:10.0 
0 760:10.0 
0 
0 761:10.0 
0 
2 
2 
2 762:10.0 
0 764:10.0 763:10.0 
2 
2 
0 
0 
0 765:10.0 
1 
0 
0 766:10.0 
0 
0 
0 767:10.0 
0 
2 768:10.0 
0 
0 
0 
0 
2 
1 769:10.0 
2 
0 
0 770:10.0 
0 771:10.0 
0 771:10.0 
2 
0 766:10.0 
0 
1 
0 
1 
0 
1 
1 
1 772:10.0 
0 
0 773:10.0 774:10.0 
0 776:10.0 775:10.0 
1 
0 
2 499:10.0 
0 
1 777:10.0 
1 
2 
1 91:10.0 
0 
1 
0 
0 
0 
1 778:10.0 
0 779:10.0 
0 779:10.0 
0 779:10.0 
0 780:10.0 
0 781:10.0 
0 782:10.0 
0 
2 
1 
2 146:10.0 
1 
0 
2 
0 
0 
2 
2 783:10.0 
0 
0 126:10.0 
1 66:10.0 
0 784:10.0 
1 
2 
0 
2 
0 
0 785:10.0 
0 785:10.0 
1 786:10.0 
0 
1 
0 
0 787:10.0 
2 788:10.0 
0 787:10.0 
0 
0 
1 
1 
0 
0 789:10.0 
0 
2 790:10.0 
2 
0 
0 
0 791:10.0 
1 793:10.0 792:10.0 
0 58:10.0 
0 58:10.0 
2 794:10.0 
0 
0 
2 
1 795:10.0 
2 111:10.0 
0 796:10.0 
2 797:10.0 
0 596:10.0 
1 
0 
0 
1 
0 
2 13:10.0 
0 
0 
0 
2 
1 798:10.0 
0 799:10.0 
1 
0 800:10.0 
0 801:10.0 
0 142:10.0 
0 802:10.0 
2 
0 
0 
0 
0 
1 803:10.0 
1 804:10.0 
1 805:10.0 
1 
1 
1 
1 806:10.0 91:10.0 
1 
0 807:10.0 
0 809:10.0 808:10.0 
2 
0 
0 
1 
1 
0 810:10.0 
0 810:10.0 
0 810:10.0 
1 777:10.0 
1 
0 811:10.0 
0 811:10.0 
0 811:10.0 
2 812:10.0 
0 813:10.0 111:10.0 
1 
0 
2 814:10.0 
0 
0 815:10.0 
1 
1 816:10.0 
1 
1 817:10.0 
1 
0 193:10.0 818:10.0 
1 819:10.0 
1 820:10.0 821:10.0 
1 499:10.0 
0 822:10.0 
1 823:10.0 
1 
1 
1 
2 824:10.0 
1 825:10.0 
0 
1 
2 826:10.0 
1 827:10.0 
1 828:10.0 
0 
1 
0 
1 
1 451:10.0 
0 340:10.0 
0 340:10.0 
1 
1 66:10.0 
0 11:10.0 
2 
1 193:10.0 
0 829:10.0 
1 499:10.0 
1 830:10.0 
0 
0 91:10.0 
1 
0 155:10.0 
1 
1 
0 
1 831:10.0 193:10.0 
0 353:10.0 
1 
0 
0 
1 
0 
1 
1 
2 
0 
0 
1 832:10.0 
1 
1 
1 833:10.0 
0 
0 
0 
1 
1 834:10.0 
1 
0 
0 835:10.0 
0 
1 
0 
1 
1 291:10.0 
1 193:10.0 
1 
2 
1 836:10.0 
1 
1 
1 
1 
2 838:10.0 837:10.0 
1 839:10.0 
0 840:10.0 
2 
1 
2 841:10.0 
1 842:10.0 
1 
1 843:10.0 
2 
1 304:10.0 
1 844:10.0 845:10.0 
1 156:10.0 
1 846:10.0 
1 
0 847:10.0 
1 
1 
1 
1 
0 
2 848:10.0 
2 
1 
0 849:10.0 
1 
1 
1 850:10.0 
1 851:10.0 
1 851:10.0 
1 
1 
1 
0 
2 852:10.0 
0 
1 
1 106:10.0 
2 
1 
1 853:10.0 
1 854:10.0 
0 
1 126:10.0 
1 
0 855:10.0 
1 856:10.0 
0 857:10.0 
0 
1 
0 
1 
1 41:10.0 
0 
1 
1 
1 858:10.0 
1 
0 128:10.0 
1 859:10.0 
1 
1 860:10.0 
1 564:10.0 
1 861:10.0 
2 
