0 
0 8:10.0 
2 
1 2:10.0 
0 
1 
1 
2 2:10.0 
0 17:10.0 
2 
2 18:10.0 19:10.0 
2 
1 20:10.0 
1 
0 
2 2:10.0 
1 
0 
0 
0 
0 21:10.0 
2 
2 2:10.0 
1 23:10.0 22:10.0 
1 2:10.0 
0 
2 
2 2:10.0 
0 
0 24:10.0 
0 24:10.0 
0 
0 
1 
0 
0 
0 
0 
0 25:10.0 
0 
0 
0 
0 
0 2:10.0 
2 
0 
0 27:10.0 
0 3:10.0 
0 3:10.0 
0 2:10.0 
2 
0 3:10.0 
2 
1 
0 
0 
2 
2 
2 29:10.0 
0 30:10.0 
0 
0 
0 
0 
0 31:10.0 
0 
1 
0 
0 32:10.0 
2 
0 33:10.0 
0 34:10.0 
1 
0 2:10.0 
2 
0 37:10.0 
2 25:10.0 
2 2:10.0 
1 2:10.0 
2 38:10.0 
2 
0 
1 
0 39:10.0 
0 40:10.0 
2 2:10.0 
0 
0 
1 
1 
0 41:10.0 
0 
2 42:10.0 35:10.0 
1 44:10.0 43:10.0 
1 
0 
1 2:10.0 
0 
2 
2 
2 
0 
1 
0 
0 
1 28:10.0 
0 
1 
2 
0 
0 
0 
0 
0 
0 
0 
0 35:10.0 
0 
1 
1 45:10.0 
2 
0 29:10.0 
2 
0 
0 
0 
2 46:10.0 
0 
0 2:10.0 
0 35:10.0 
0 35:10.0 
0 35:10.0 
2 35:10.0 
0 
0 39:10.0 
0 
1 
2 2:10.0 
2 
1 
1 
1 
0 
1 
0 
1 28:10.0 
1 
1 
2 
1 
2 
1 2:10.0 
0 
0 
2 47:10.0 
0 
0 
2 
0 
0 
0 
0 28:10.0 
2 6:10.0 
1 
0 
2 
0 
0 
0 48:10.0 
2 
0 
0 
0 28:10.0 
0 28:10.0 
0 28:10.0 
0 
0 
1 
1 
1 
0 49:10.0 
2 
0 50:10.0 
1 2:10.0 
2 
2 
1 51:10.0 
2 
0 
2 52:10.0 
1 
1 
0 
2 
2 
2 53:10.0 
2 
2 
0 54:10.0 
0 
1 55:10.0 
0 
0 
1 
2 
0 
0 56:10.0 
2 57:10.0 
2 
0 
2 
0 35:10.0 
0 
1 
1 
2 59:10.0 58:10.0 
2 60:10.0 
1 
1 
0 
1 
0 
1 61:10.0 
2 7:10.0 
0 
2 62:10.0 
2 29:10.0 
2 63:10.0 
2 
2 
2 64:10.0 65:10.0 
0 66:10.0 
0 66:10.0 
0 67:10.0 
2 
0 
1 
2 
2 
2 
2 
0 68:10.0 
0 69:10.0 
2 
2 35:10.0 
1 70:10.0 
2 
1 71:10.0 
1 
1 
1 
0 35:10.0 
0 35:10.0 
1 
2 2:10.0 
2 
0 
0 72:10.0 
2 73:10.0 
0 
0 74:10.0 
0 74:10.0 
0 
0 75:10.0 
0 75:10.0 
0 75:10.0 
1 76:10.0 
0 
2 
1 
0 
0 
1 
1 
0 77:10.0 
0 
1 
0 
0 44:10.0 
2 
0 
2 
1 
2 
2 78:10.0 
2 79:10.0 80:10.0 
2 
0 81:10.0 
2 25:10.0 82:10.0 
2 83:10.0 
0 
1 
0 84:10.0 
0 
0 
1 
2 85:10.0 86:10.0 
0 
1 87:10.0 
1 
0 
0 
0 88:10.0 
0 80:10.0 
0 
0 29:10.0 
0 28:10.0 
0 89:10.0 
0 89:10.0 
0 90:10.0 
2 
0 91:10.0 
0 91:10.0 
0 91:10.0 
0 92:10.0 
2 
1 
0 
1 
0 
0 
1 
1 
1 93:10.0 
1 
0 
2 
0 
0 
0 
0 
2 
1 95:10.0 
1 
0 2:10.0 
0 2:10.0 
2 
0 
0 
1 
1 
2 98:10.0 97:10.0 
1 
0 
0 
1 2:10.0 
0 
0 38:10.0 87:10.0 
2 
1 
2 99:10.0 
0 100:10.0 
0 101:10.0 
1 
0 87:10.0 
1 
0 102:10.0 
0 103:10.0 
0 35:10.0 
1 
0 
1 
1 104:10.0 
0 105:10.0 
0 
2 106:10.0 
0 107:10.0 
2 
1 108:10.0 
1 109:10.0 
0 
0 110:10.0 
0 
0 
0 
0 
0 
0 
0 35:10.0 
1 
2 
2 
