0 
0 
0 10:10.0 
1 
0 
1 
1 11:10.0 
0 
0 0:10.0 
2 12:10.0 
0 
2 
2 14:10.0 
0 15:10.0 
0 17:10.0 
0 
2 
2 
0 
1 
1 21:10.0 
0 22:10.0 
1 
1 
2 
2 23:10.0 
1 24:10.0 
0 
0 25:10.0 
0 
0 0:10.0 
0 28:10.0 27:10.0 
0 
2 
0 
1 
2 29:10.0 
0 30:10.0 
0 
0 
1 
2 3:10.0 31:10.0 
0 32:10.0 
2 
1 0:10.0 
2 
1 
0 
2 35:10.0 
0 38:10.0 
1 39:10.0 
0 
1 
0 
2 18:10.0 
2 
1 40:10.0 
0 
2 
0 
2 
2 
0 
0 0:10.0 
0 
0 
0 
1 
0 
0 42:10.0 41:10.0 
1 43:10.0 
1 
0 
2 
2 
1 
0 44:10.0 
2 
2 4:10.0 
1 
2 
0 45:10.0 46:10.0 
0 
0 47:10.0 
0 
0 
2 
0 
2 0:10.0 
0 48:10.0 49:10.0 
1 
0 
0 50:10.0 
0 51:10.0 
2 
0 
0 
0 
1 
2 
2 
0 
0 
0 
1 
2 
2 3:10.0 
2 
1 
2 
0 52:10.0 
0 
2 
0 
2 
0 
2 53:10.0 
2 54:10.0 
1 
1 55:10.0 
0 56:10.0 
0 0:10.0 57:10.0 
0 4:10.0 
0 
0 59:10.0 60:10.0 
2 
1 
2 0:10.0 
0 0:10.0 
0 61:10.0 62:10.0 
1 
0 
2 
1 
0 56:10.0 
2 
0 
1 
2 
1 
2 63:10.0 
2 
2 
2 
0 
0 
2 
0 64:10.0 
0 
0 
0 65:10.0 
1 
1 66:10.0 
2 31:10.0 
1 
2 
0 
2 67:10.0 
2 10:10.0 
0 
1 0:10.0 
2 68:10.0 
1 
2 
2 
2 
0 
0 
1 71:10.0 70:10.0 
0 
2 72:10.0 
2 
2 73:10.0 
0 
1 
2 
2 
2 74:10.0 
2 
2 75:10.0 
0 
0 
2 9:10.0 
0 
0 
2 
1 
0 
2 
1 
2 
1 76:10.0 
2 
2 
2 59:10.0 
2 
0 
1 
2 77:10.0 
2 
0 
1 
2 
1 78:10.0 
0 79:10.0 
0 
1 24:10.0 
1 
0 4:10.0 
0 80:10.0 
1 
1 
1 
1 
1 
2 
2 
0 81:10.0 
2 82:10.0 
2 83:10.0 
2 
1 
0 
2 15:10.0 
2 
2 
2 
0 
2 
0 84:10.0 
0 
0 
2 
0 
0 
0 
1 
2 
1 
1 
2 85:10.0 
0 86:10.0 
2 87:10.0 
0 89:10.0 88:10.0 
2 
0 
2 
2 34:10.0 
0 
2 
0 
0 
0 
2 
1 90:10.0 
1 
1 91:10.0 
0 
1 
0 
0 
2 92:10.0 
0 
0 
0 
2 
1 
2 
1 
2 93:10.0 
2 
1 94:10.0 
2 
0 95:10.0 4:10.0 
0 95:10.0 4:10.0 
2 96:10.0 
1 
2 
0 
2 
2 
0 
2 
0 97:10.0 
2 
0 
2 98:10.0 99:10.0 
2 100:10.0 
0 
2 
2 0:10.0 
1 
2 0:10.0 
1 101:10.0 
0 
2 4:10.0 102:10.0 
0 
2 103:10.0 
2 104:10.0 15:10.0 
2 0:10.0 
1 105:10.0 
1 
2 106:10.0 
1 
1 
0 
0 
1 
2 
2 107:10.0 
1 108:10.0 
0 109:10.0 
0 110:10.0 
0 
2 
2 
1 
2 111:10.0 
0 
2 112:10.0 
0 
2 
1 
2 113:10.0 
0 
0 114:10.0 
0 68:10.0 
1 115:10.0 
2 
1 
0 
2 116:10.0 
1 117:10.0 
0 
2 
1 
1 
2 118:10.0 
0 
2 119:10.0 
1 120:10.0 
0 
0 
1 
0 121:10.0 
1 122:10.0 
0 
2 124:10.0 123:10.0 
2 125:10.0 
2 
2 
1 126:10.0 
0 
1 117:10.0 
0 
0 
0 
1 
2 
2 
2 
1 
2 127:10.0 
0 
0 
0 
2 
2 96:10.0 
1 128:10.0 
0 
2 
2 
1 
1 
0 
1 
1 
0 
1 
0 129:10.0 
2 130:10.0 
1 
0 131:10.0 
0 131:10.0 
0 
1 
1 132:10.0 
1 
1 
0 
2 
1 
0 
2 133:10.0 
1 
2 134:10.0 
2 0:10.0 
0 
0 
1 
1 
2 
0 
2 4:10.0 
2 135:10.0 
2 
1 
1 
0 
2 59:10.0 136:10.0 
0 137:10.0 
0 4:10.0 138:10.0 
0 
0 
2 
1 
2 
0 140:10.0 139:10.0 
0 
0 
0 
2 
1 
0 141:10.0 
2 
2 
1 
1 
0 
1 
0 
2 
2 
0 
2 
2 142:10.0 
2 
2 
0 
1 
0 
2 143:10.0 
0 108:10.0 
2 144:10.0 
0 0:10.0 
0 0:10.0 
1 145:10.0 
1 15:10.0 
0 146:10.0 
0 
2 106:10.0 
2 
0 147:10.0 
2 148:10.0 
2 149:10.0 
0 151:10.0 150:10.0 
0 151:10.0 150:10.0 
1 
1 152:10.0 
0 
1 
1 153:10.0 
1 
1 
0 
2 
0 154:10.0 155:10.0 
0 156:10.0 
1 24:10.0 
2 
2 
1 
0 
0 0:10.0 
1 
0 
1 
0 157:10.0 
1 158:10.0 
2 
1 
1 
1 
0 
0 
2 
0 132:10.0 
0 159:10.0 
1 96:10.0 
0 160:10.0 
1 
0 161:10.0 
2 
0 
0 
1 
2 
2 
2 
0 
0 
0 
0 
0 
0 
2 
2 
0 162:10.0 
2 
0 
2 
0 
2 
2 
0 
0 
1 56:10.0 
2 
1 
2 163:10.0 
2 
1 
1 
1 
2 
0 
0 
0 
1 164:10.0 
0 
2 165:10.0 
2 
2 
1 
2 
0 
2 
2 
2 
0 166:10.0 
0 
2 
2 
2 167:10.0 
0 168:10.0 
0 2:10.0 169:10.0 
2 
1 
1 
2 170:10.0 
2 
2 4:10.0 
0 
0 171:10.0 
0 171:10.0 
0 171:10.0 
0 172:10.0 
2 173:10.0 
0 
2 
1 
0 
1 
0 
0 
2 
1 
2 174:10.0 
2 54:10.0 
0 
2 175:10.0 
0 
1 
0 0:10.0 
0 
0 
0 0:10.0 
2 
0 
1 
0 68:10.0 176:10.0 
2 177:10.0 
2 
2 
0 
0 
2 178:10.0 
1 
1 179:10.0 
0 0:10.0 
0 180:10.0 
0 180:10.0 
0 181:10.0 
1 
2 182:10.0 
2 
2 59:10.0 
0 
1 
0 
0 0:10.0 183:10.0 
2 
0 
2 
2 184:10.0 
1 0:10.0 
0 
1 
0 185:10.0 
0 
2 
2 156:10.0 
1 0:10.0 
0 
1 
0 
0 186:10.0 
1 
2 118:10.0 
0 
2 
0 
0 187:10.0 
2 
0 111:10.0 
0 
1 188:10.0 
2 189:10.0 
2 
0 
2 
2 
0 
0 190:10.0 
2 
0 191:10.0 
1 192:10.0 
0 193:10.0 
0 
0 
2 194:10.0 
2 
0 195:10.0 
2 0:10.0 
2 
2 
1 
1 
1 0:10.0 
0 
2 0:10.0 
2 196:10.0 
0 
0 
1 
0 
0 40:10.0 
1 56:10.0 
2 
0 
0 
0 
2 
2 
0 197:10.0 
0 
1 
2 
2 
2 
2 
0 
1 0:10.0 
2 
0 
0 198:10.0 
1 
2 199:10.0 
0 
0 200:10.0 
2 201:10.0 
0 
1 173:10.0 
0 
2 202:10.0 203:10.0 
2 0:10.0 
1 48:10.0 
1 
0 204:10.0 
1 0:10.0 
1 205:10.0 
2 206:10.0 
0 
1 
2 207:10.0 
2 
2 
1 
1 
0 173:10.0 
0 208:10.0 
1 
0 
2 
1 
0 
0 209:10.0 
1 
0 
1 
1 
1 210:10.0 
1 0:10.0 
1 
1 156:10.0 
0 
1 
1 211:10.0 
1 
1 
2 
1 
0 
0 
0 212:10.0 
2 
1 
2 
0 
0 
1 
1 
2 213:10.0 
1 
0 68:10.0 
2 
2 
1 
1 
0 
1 
1 214:10.0 
2 215:10.0 
2 
2 
2 0:10.0 
2 
0 
2 187:10.0 
2 216:10.0 
0 
0 
1 56:10.0 
1 
0 217:10.0 218:10.0 
1 
0 219:10.0 
1 
2 220:10.0 
1 221:10.0 
0 222:10.0 223:10.0 
1 
1 225:10.0 224:10.0 
1 
0 
0 
0 226:10.0 
1 227:10.0 
0 
1 
0 
2 228:10.0 
1 230:10.0 229:10.0 
0 
2 
1 
2 231:10.0 
2 232:10.0 
0 
0 
2 
2 
1 
2 
2 
2 
0 
0 
0 
2 233:10.0 
2 97:10.0 234:10.0 
1 235:10.0 
2 
2 
2 96:10.0 
2 
0 237:10.0 236:10.0 
0 
0 
2 238:10.0 
0 
0 15:10.0 
0 
2 
2 
2 
2 
2 
1 
2 
0 
1 239:10.0 
0 240:10.0 
0 
0 
2 0:10.0 
0 
0 
1 
0 
0 118:10.0 
0 219:10.0 
0 
0 241:14.577035271532616 
1 
0 243:10.0 
2 4:10.0 
0 
0 
1 187:10.0 
0 4:10.0 
2 
0 244:10.0 
2 
1 245:10.0 
0 
2 
2 246:10.0 
2 
0 
1 
2 
1 247:10.0 
2 249:10.0 248:10.0 
2 250:10.0 
0 251:10.0 
0 0:10.0 
0 0:10.0 
0 
0 
0 
2 
2 
2 0:10.0 
0 253:10.0 254:10.0 
0 
0 255:10.0 
2 
0 
2 
0 
1 
0 
2 
0 4:10.0 
0 4:10.0 
0 256:10.0 
0 256:10.0 
2 
2 
1 
0 257:10.0 
0 257:10.0 
1 
0 258:10.0 
0 
0 223:10.0 
2 0:10.0 
0 260:10.0 259:10.0 
1 
2 
2 
0 
2 261:10.0 262:10.0 
1 68:10.0 
2 4:10.0 
1 
1 
1 
1 
0 263:10.0 
0 
0 
0 264:10.0 
0 
0 
2 
1 
0 265:10.0 
0 
0 
0 
2 
0 
0 
2 
0 
0 
2 266:10.0 
1 267:10.0 
2 268:10.0 
1 269:10.0 
2 270:10.0 
0 271:10.0 
0 271:10.0 
0 
0 
0 
2 272:10.0 
0 273:10.0 
0 274:10.0 
2 
2 
2 148:10.0 275:10.0 
2 
0 
0 
2 265:10.0 
0 276:10.0 
0 276:10.0 
2 
0 
0 277:10.0 
2 
2 68:10.0 
0 
0 
2 278:10.0 
2 279:10.0 
0 
0 
2 
0 86:10.0 4:10.0 
2 
0 
0 
1 
0 0:10.0 280:10.0 
2 
0 4:10.0 
0 281:10.0 
0 0:10.0 
0 
2 2:10.0 
0 4:10.0 
0 4:10.0 
0 
0 
0 282:10.0 
2 
1 283:10.0 
0 4:10.0 
0 
0 
0 
0 
0 284:10.0 
2 
0 
2 
0 
0 285:10.0 286:10.0 
2 
0 
1 
1 287:10.0 
2 
2 24:10.0 
0 288:10.0 0:10.0 
0 
2 
2 
2 
2 
0 289:10.0 
2 
0 290:10.0 
2 
2 
0 
0 
2 291:10.0 
2 
2 
0 292:10.0 
0 
0 
2 
2 
0 
2 
0 
2 
0 
0 
1 
2 
0 
0 293:10.0 294:10.0 
0 
0 
0 
0 
2 
2 
0 295:10.0 
0 96:10.0 
2 296:10.0 4:10.0 
2 4:10.0 
2 
2 
2 297:10.0 
0 4:10.0 
0 298:10.0 
0 
1 
1 299:10.0 
1 
1 
0 
2 
0 
1 195:10.0 
0 
2 300:10.0 
2 
0 301:10.0 
0 
2 100:10.0 
2 
2 302:10.0 
1 
2 303:10.0 304:10.0 
0 305:10.0 
2 
0 
0 
0 
0 
1 
2 
2 
0 306:10.0 
2 307:10.0 
0 
2 308:10.0 
2 309:10.0 
2 
0 
2 310:10.0 
0 311:10.0 
0 312:10.0 
0 313:10.0 
2 148:10.0 
2 
0 
0 
2 0:10.0 
1 68:10.0 
0 
2 
1 
2 
2 
0 314:10.0 
2 315:10.0 
0 
0 
2 316:10.0 
0 
2 187:10.0 
2 317:10.0 
2 0:10.0 
0 
2 318:10.0 
0 319:10.0 
0 
1 320:10.0 
2 321:10.0 
0 
0 
0 322:10.0 
0 72:10.0 
0 323:10.0 
0 
0 
0 324:10.0 
0 
2 63:10.0 
2 4:10.0 
1 72:10.0 
1 
2 
0 325:10.0 
2 326:10.0 
2 
2 327:10.0 25:10.0 
0 
0 
2 183:10.0 
0 
2 328:10.0 
2 
1 
2 
0 329:10.0 
0 
1 330:10.0 
0 
0 
2 331:10.0 
0 162:10.0 332:10.0 
0 
2 
0 333:10.0 
0 334:10.0 
1 
2 187:10.0 
1 
0 
0 
2 
0 195:10.0 
0 116:10.0 
1 
2 335:10.0 
1 336:10.0 
2 
2 337:10.0 
0 
2 
2 338:10.0 
0 339:10.0 
2 
1 
0 
2 
2 4:10.0 
2 4:10.0 
2 
2 
1 
0 
1 
2 
0 
2 218:10.0 
1 
0 
0 
2 341:10.0 
0 
1 
0 
0 
2 
1 4:10.0 
0 
2 
0 
0 342:10.0 
0 343:10.0 
0 
1 344:10.0 
0 345:10.0 
0 345:10.0 
0 
2 346:10.0 
0 347:10.0 
0 348:10.0 
0 349:10.0 
0 
1 
1 
0 
1 
0 
0 
1 
1 350:10.0 
0 351:10.0 
2 330:10.0 
0 
2 
2 353:10.0 
1 
0 
2 330:10.0 354:10.0 
0 0:10.0 
0 356:10.0 355:10.0 
2 357:10.0 
0 132:10.0 
2 
0 358:10.0 
2 
2 
2 359:10.0 
0 
2 360:10.0 
0 361:10.0 
2 
1 362:10.0 363:10.0 
2 
0 
0 
0 192:10.0 
0 
1 
0 
0 
0 365:10.0 
0 365:10.0 
1 
2 
2 
2 
2 366:10.0 
1 0:10.0 
1 367:10.0 
1 
1 368:10.0 
2 
1 
2 
2 369:10.0 
2 
0 370:10.0 
0 370:10.0 
0 
1 
0 
0 
0 
2 188:10.0 
0 68:10.0 371:10.0 
0 
0 
0 372:10.0 
0 373:10.0 
1 
2 
1 374:10.0 
2 
1 375:10.0 
0 
0 
1 376:10.0 
0 377:10.0 
0 377:10.0 
1 
1 
1 
2 
0 
0 
2 
0 219:10.0 
1 
0 
2 378:10.0 
1 246:10.0 
0 
1 
0 
0 
2 
1 
0 
1 
0 
1 379:10.0 
2 
1 
1 380:10.0 
2 381:10.0 
1 
0 
0 382:10.0 
2 
1 
0 
0 30:10.0 
1 
1 
2 
0 
1 
1 383:10.0 
1 
0 
1 
0 
0 
1 278:10.0 
0 
0 384:10.0 385:10.0 
1 
1 386:10.0 
2 
0 4:10.0 
0 4:10.0 
0 4:10.0 
1 387:10.0 
0 
0 4:10.0 
1 
1 
1 
1 
0 
1 
0 
1 
1 
0 4:10.0 
0 4:10.0 
0 281:10.0 
1 
0 4:10.0 
0 4:10.0 
0 389:10.0 
0 390:10.0 
0 4:10.0 
0 391:10.0 
0 
0 392:10.0 
0 
0 4:10.0 
0 
0 
0 
0 330:10.0 
0 4:10.0 
0 393:10.0 
0 394:10.0 
1 
0 
0 
0 4:10.0 
0 4:10.0 
1 395:10.0 
1 
0 396:10.0 397:10.0 
0 398:10.0 
0 399:10.0 
0 
1 400:10.0 
0 
0 
2 
0 
2 
0 
1 403:10.0 402:10.0 
1 
2 404:10.0 
1 405:10.0 
2 
2 179:10.0 
