2 
0 
0 
2 
0 
0 
2 
0 
2 14:10.0 
0 
0 
1 
2 
0 
1 
0 15:10.0 
0 
0 
0 
0 
0 16:10.0 
0 
0 
0 
0 
0 17:10.0 
2 
1 
0 
0 
0 18:10.0 
0 19:10.0 
0 19:10.0 
0 
0 20:10.0 
0 22:10.0 21:10.0 
2 
0 
2 
0 
2 
2 23:10.0 
2 24:10.0 
0 
0 
0 
0 
0 
1 
0 25:10.0 
2 
2 
2 26:10.0 
0 
0 
2 
0 
0 
0 27:10.0 
2 
1 28:10.0 
2 
0 29:10.0 
0 
2 
0 30:10.0 
0 
1 
0 
0 31:10.0 
0 
0 
0 
2 
0 
0 
0 
0 
2 20:10.0 
0 
2 32:10.0 
1 
0 
0 33:10.0 
1 
0 34:10.0 
0 35:10.0 
0 36:10.0 
0 
0 
0 37:10.0 
0 
0 
0 
0 
1 
2 
0 
0 
0 
0 
2 38:10.0 
0 
0 39:10.0 
0 
2 
0 
2 
0 
2 
2 40:10.0 
2 
0 20:10.0 
0 20:10.0 
0 
1 3:10.0 
2 41:10.0 
0 42:10.0 
0 
1 
0 43:10.0 
2 
2 21:10.0 
2 
2 
1 0:10.0 
0 44:10.0 
1 45:10.0 
2 
0 
0 
2 
1 
0 
2 
0 46:10.0 
2 47:10.0 
0 43:10.0 
1 
0 48:10.0 
1 
1 
2 
0 
1 
2 49:10.0 
1 
0 
1 
2 
0 50:10.0 
0 51:10.0 
2 
1 
0 
1 
2 
0 52:10.0 
1 
0 53:10.0 
0 54:10.0 
2 
2 
0 
0 
2 
0 
1 
0 
2 
0 55:10.0 
1 
2 56:10.0 
0 
0 57:10.0 
1 
2 
0 
0 
1 
2 
2 31:10.0 
0 
0 
2 
0 28:10.0 
0 
0 
0 
0 
0 58:10.0 
1 
2 
0 0:10.0 
0 
0 
0 
2 59:10.0 
0 
0 
2 
2 
1 60:10.0 
1 
0 
0 
0 
0 61:10.0 
0 
1 
0 62:10.0 
0 
2 
0 
0 
2 
0 0:10.0 
2 63:10.0 
0 39:10.0 
0 40:10.0 
2 
0 
2 
2 
2 
2 
2 
2 
2 
2 
2 
2 
2 
2 
2 
2 
2 
2 
2 
2 
2 
2 
2 
2 
2 
2 
0 
2 
0 64:10.0 
1 65:10.0 
2 
1 
1 
0 66:10.0 
0 66:10.0 
2 
0 
2 
0 
0 
0 
0 67:10.0 
2 
2 
2 
2 
0 68:10.0 
0 
0 
1 
0 
1 69:10.0 
0 65:10.0 
0 70:10.0 
0 71:10.0 
0 59:10.0 
0 
2 
0 72:10.0 
0 
0 
0 
1 73:10.0 
1 
0 8:10.0 
0 
1 
2 
2 74:10.0 
1 
0 
1 75:10.0 
0 77:10.0 76:10.0 
0 
1 
2 
2 
0 
2 
0 
2 
1 
0 78:10.0 
0 
0 
0 
1 
2 
2 
2 
0 
0 
0 79:10.0 
0 
0 
2 81:10.0 80:10.0 
2 
0 
0 82:10.0 
0 
0 
1 83:10.0 
0 
0 84:10.0 
1 
0 85:10.0 
2 86:10.0 
0 
0 
1 
2 
2 87:10.0 
0 
2 88:10.0 
2 89:10.0 
2 
0 28:10.0 
2 90:10.0 
0 
2 
2 
0 
0 
0 91:10.0 
2 92:10.0 
1 
0 
2 
2 17:10.0 
0 
0 
0 
0 
1 93:10.0 
0 
2 
2 
2 94:10.0 
0 
1 
2 93:10.0 
2 95:10.0 
0 
2 97:10.0 96:10.0 
1 98:10.0 
2 
0 
0 99:10.0 
0 
0 
0 
0 
2 
0 
1 
2 
0 
0 
0 
1 101:10.0 
0 
0 20:10.0 
0 
0 102:10.0 
2 
2 
2 105:10.0 
2 
1 
1 
2 
1 
0 28:10.0 
0 106:10.0 
2 107:10.0 
2 
1 
2 
2 
2 
0 108:10.0 
0 0:10.0 
1 
2 
0 
2 
2 109:10.0 
1 63:10.0 
0 
2 110:10.0 
2 
2 
0 
2 
2 
2 
2 
1 
0 111:10.0 
2 112:10.0 
1 113:10.0 
1 
1 
2 
0 
2 
0 28:10.0 
1 
1 114:10.0 
0 
1 0:10.0 115:10.0 
0 
0 
2 116:10.0 
0 117:10.0 
0 117:10.0 
0 117:10.0 
0 
0 118:10.0 
0 118:10.0 
0 119:10.0 
2 
0 
2 
0 
0 120:10.0 
2 121:10.0 
0 122:10.0 
2 
0 17:10.0 
1 123:10.0 
0 
0 
2 20:10.0 
2 
2 
0 
0 
0 
2 51:10.0 
2 21:10.0 
0 
0 67:10.0 
0 124:10.0 
0 
2 
2 125:10.0 
0 
0 
2 
0 
0 28:10.0 
0 127:10.0 
1 
2 
0 
0 
2 
0 28:10.0 
2 
0 
2 128:10.0 
2 129:10.0 
0 
1 
2 
2 
0 
2 
0 
0 
0 130:10.0 
2 131:10.0 
0 84:10.0 
0 25:10.0 
0 25:10.0 
2 
0 
0 
1 132:10.0 
0 133:10.0 
0 
2 
0 134:10.0 
0 
2 
2 0:10.0 
0 
0 
0 
1 
2 135:10.0 
0 136:10.0 
1 
2 
2 137:10.0 
0 138:10.0 139:10.0 
2 
2 
0 
1 
2 
1 
0 140:10.0 
0 
1 
0 
0 
1 
2 141:10.0 
0 
2 142:10.0 
2 
0 0:10.0 
0 
0 
1 143:10.0 
0 144:10.0 
2 
0 122:10.0 
2 
0 
0 21:10.0 
1 
2 
1 
0 145:10.0 
1 
1 
0 
1 
1 
1 
1 
1 
1 
0 
1 
0 146:10.0 
0 
0 
2 133:10.0 
0 
0 
0 
2 147:10.0 
1 
1 42:10.0 
0 148:10.0 
0 66:10.0 
1 
0 
2 
2 
0 
1 
1 149:10.0 
0 150:10.0 
2 151:10.0 
1 
1 152:10.0 
0 
0 
1 
2 
2 0:10.0 
0 
1 
1 
1 
1 
0 153:10.0 1:10.0 
1 
2 0:10.0 
2 
2 
1 
1 78:10.0 
0 
0 
1 
0 
1 154:10.0 
2 
1 155:10.0 
2 
1 
1 
0 0:10.0 
1 156:10.0 
2 
1 
1 
1 
1 157:10.0 
2 
2 
1 158:10.0 
0 
2 
1 159:10.0 
0 
0 160:10.0 
0 
0 
0 
0 161:10.0 
2 
0 
0 162:10.0 
0 164:10.0 163:10.0 
2 165:10.0 
2 
2 0:10.0 
1 
0 166:10.0 
0 
0 39:10.0 
0 39:10.0 
2 167:10.0 
2 168:10.0 
1 169:10.0 
2 
1 
0 170:10.0 
0 170:10.0 
0 170:10.0 
1 
1 171:10.0 
0 
2 172:10.0 
0 
2 
2 
0 0:10.0 
0 
2 173:10.0 
2 
2 174:10.0 
2 175:10.0 
0 176:10.0 
1 
2 177:10.0 
0 
1 
2 
1 
1 156:10.0 
1 178:10.0 
2 179:10.0 51:10.0 
0 
2 67:10.0 180:10.0 
2 
0 181:10.0 
1 
2 182:10.0 
2 66:10.0 
1 184:10.0 
0 
0 
1 
0 
0 
0 
2 
2 185:10.0 
0 
2 
2 
0 
2 
1 186:10.0 
1 
1 
1 
1 
1 
1 
1 
1 
1 
1 
2 
0 
0 187:10.0 
2 188:10.0 
0 
0 
1 83:10.0 
0 83:10.0 
0 83:10.0 
0 
0 
2 190:10.0 
1 
2 
1 
0 
0 
2 
0 
0 191:10.0 
0 
0 192:10.0 
0 193:10.0 
2 194:10.0 
2 
2 
2 
1 
1 
1 
2 
1 195:10.0 
2 196:10.0 
2 197:10.0 
2 2:10.0 
2 13:10.0 24:10.0 
1 
2 
0 198:10.0 
0 
0 
1 
2 
1 
0 
1 
0 
1 
2 
2 
0 
2 
2 
0 
0 199:10.0 
1 
0 
0 20:10.0 
0 20:10.0 
1 200:10.0 
2 
0 
0 
1 
0 201:10.0 
2 
2 13:10.0 
1 202:10.0 
1 
2 
2 
0 
2 
2 118:10.0 
2 
1 
0 204:10.0 
2 205:10.0 
2 
2 
2 206:10.0 
2 
1 21:10.0 
2 
1 86:10.0 
0 
2 
1 207:10.0 
2 208:10.0 2:10.0 
0 66:10.0 209:10.0 
1 
0 
0 
2 
0 210:10.0 
0 
0 
2 0:10.0 
0 211:10.0 
0 
0 
1 
0 
1 
1 212:10.0 
0 
0 
0 
2 214:10.0 
2 
2 196:10.0 
2 215:10.0 
2 
2 
0 216:10.0 
0 217:10.0 
2 
1 218:10.0 
2 
0 
0 219:10.0 17:10.0 
0 
0 
1 
0 
0 
0 
0 
0 
2 
1 220:10.0 
0 0:10.0 
0 221:10.0 
0 
0 
2 
2 
1 
2 
0 
1 222:10.0 
1 223:10.0 
1 
0 
0 
1 
0 
1 50:10.0 224:10.0 
2 
0 
0 
0 225:10.0 
2 
1 226:10.0 39:10.0 
2 227:10.0 
1 228:10.0 
0 
1 
0 
0 229:10.0 
2 230:10.0 
1 231:10.0 
2 
1 127:10.0 
1 232:10.0 
1 233:10.0 
0 
1 
1 
0 
1 
0 
0 
2 234:10.0 
0 
0 
2 
1 
0 53:10.0 
1 
0 
2 
0 
0 
1 235:10.0 
2 
0 236:10.0 
2 20:10.0 
1 
2 
2 237:10.0 
0 
1 238:10.0 
1 239:10.0 
2 241:10.0 
0 
0 
1 
2 
0 
2 
0 84:10.0 
2 
2 242:10.0 
1 
2 243:10.0 
2 20:10.0 244:10.0 
0 211:10.0 245:10.0 
2 246:10.0 
2 
0 
0 
1 247:10.0 
0 
2 
0 
2 
0 
1 
0 
0 
0 248:10.0 0:10.0 
2 
2 20:10.0 
0 249:10.0 
1 
0 
2 250:10.0 
1 251:10.0 
0 
1 
0 
0 252:10.0 
0 
0 
1 
0 
0 
2 
0 
2 
2 
2 253:10.0 
0 254:10.0 
2 
2 
2 255:10.0 
1 
2 
1 98:10.0 
2 
1 256:10.0 
2 13:10.0 
2 
2 
2 
2 50:10.0 
2 13:10.0 
0 257:10.0 
2 
0 
2 
0 84:10.0 
2 258:10.0 
2 
1 259:10.0 
0 160:10.0 
1 
0 0:10.0 
2 
1 260:10.0 
0 
0 
2 0:10.0 
2 261:10.0 
2 196:10.0 
0 262:10.0 
2 
0 
0 
2 
0 
0 20:10.0 
0 263:10.0 
1 
2 
0 0:10.0 
2 
1 
0 40:10.0 
0 0:10.0 
0 0:10.0 
0 0:10.0 
1 
0 
0 
2 264:10.0 
1 265:10.0 
0 
2 
0 
0 258:10.0 
0 
0 266:10.0 
0 267:10.0 
0 
2 0:10.0 
1 
0 
0 
0 165:10.0 
1 268:10.0 
2 269:10.0 
2 
1 270:10.0 
1 2:10.0 
0 271:10.0 
0 
1 
0 272:10.0 
2 273:10.0 
0 
0 
2 
0 274:10.0 
0 274:10.0 
1 
0 
2 
0 275:10.0 
2 
0 
1 
2 
2 
0 
0 
2 276:10.0 
0 
0 
0 67:10.0 
1 
0 
2 
1 
2 277:10.0 
0 
0 278:10.0 
0 278:10.0 
2 279:10.0 
0 280:10.0 
1 
1 
1 
1 
0 281:10.0 
2 
2 
0 
2 282:10.0 
2 283:10.0 
0 
2 285:10.0 284:10.0 
2 
2 
2 
0 286:10.0 
2 
0 0:10.0 
0 
2 287:10.0 
2 
0 
2 288:10.0 
0 
0 
0 
2 
1 289:10.0 
0 
0 
0 
1 
2 290:10.0 
2 84:10.0 
2 
0 291:10.0 
2 
2 61:10.0 
2 
0 
2 
2 
0 
2 292:10.0 
0 
0 
0 
0 
2 
0 
0 293:10.0 
2 
2 
1 
2 
0 0:10.0 
2 85:10.0 
2 
0 
2 
2 55:10.0 
1 
0 
2 294:10.0 
1 295:10.0 
2 
0 
2 296:10.0 
1 297:10.0 
2 
2 
2 94:10.0 163:10.0 
2 
0 298:10.0 
1 
2 
1 
2 93:10.0 
1 
2 
2 
0 20:10.0 
0 84:10.0 
0 84:10.0 
1 
2 
0 
0 
2 
0 
1 
1 299:10.0 
1 
0 300:10.0 
2 
0 301:10.0 
0 302:10.0 
2 
0 
0 
1 303:10.0 
2 
2 304:10.0 
2 
1 
2 
2 
2 
2 0:10.0 25:10.0 
0 305:10.0 
2 306:10.0 
1 
0 
1 
0 
2 
0 
1 307:10.0 
0 
0 
2 308:10.0 
1 
1 309:10.0 
2 
2 310:10.0 
2 311:10.0 
2 
1 
1 
0 
0 
2 0:10.0 312:10.0 
2 0:10.0 
1 0:10.0 
0 
2 
2 
0 
0 
1 
0 
2 313:10.0 
1 314:10.0 
0 315:10.0 
0 
1 0:10.0 
2 260:10.0 
2 
0 316:10.0 
0 
0 317:10.0 
0 
0 
2 
2 
2 318:10.0 
0 193:10.0 
2 319:10.0 
2 
0 
0 
0 40:10.0 
1 
1 
1 320:10.0 321:10.0 
2 145:10.0 
2 
0 20:10.0 
2 
2 
2 
2 
0 
1 
2 323:10.0 322:10.0 
0 
1 0:10.0 
2 
2 324:10.0 53:10.0 
0 
2 
1 0:10.0 
0 326:10.0 325:10.0 
1 61:10.0 
0 
0 
0 
0 0:10.0 
2 
0 
0 327:10.0 
0 
0 
1 328:10.0 
2 39:10.0 
2 329:10.0 
0 330:10.0 
0 
2 
0 
0 
1 331:10.0 
2 
0 
0 332:10.0 
0 
1 333:10.0 
2 334:10.0 
0 
0 
2 
0 335:10.0 336:10.0 
2 337:10.0 
2 
0 
0 
1 338:10.0 
1 339:10.0 
1 
2 340:10.0 
0 21:10.0 
2 
1 
2 243:10.0 
1 
2 20:10.0 
2 343:10.0 
0 
2 
0 
1 344:10.0 
0 
2 
1 345:10.0 
0 
2 127:10.0 
0 346:10.0 
2 347:10.0 
1 
0 20:10.0 
0 20:10.0 
1 23:10.0 
0 348:10.0 
0 348:10.0 
0 
2 349:10.0 
0 350:10.0 
1 
1 
2 
2 351:10.0 
1 20:10.0 
0 352:10.0 
0 351:10.0 
0 353:10.0 
1 
2 
0 355:10.0 354:10.0 
0 
1 356:10.0 
2 
2 
0 
2 357:10.0 
0 358:10.0 
0 293:10.0 
2 
0 
2 
2 
2 
0 
2 
2 
0 0:10.0 359:10.0 
0 0:10.0 359:10.0 
2 
0 
0 
1 
0 
1 
1 
1 360:10.0 
1 
1 83:10.0 
2 361:10.0 21:10.0 
0 
1 
1 
0 362:10.0 
2 115:10.0 
2 
1 
2 
2 363:10.0 
2 
2 364:10.0 
2 
2 
1 
1 
1 365:10.0 
2 0:10.0 
0 146:10.0 
2 
1 366:10.0 
1 
1 
1 367:10.0 
2 
2 
2 
0 
1 145:10.0 
2 
0 
0 
1 368:10.0 369:10.0 
2 
2 
0 
1 371:10.0 370:10.0 
0 
1 0:10.0 
1 
0 
1 372:10.0 
2 
1 
2 84:10.0 
0 
0 
2 
1 
1 0:10.0 
2 
0 
1 
0 373:10.0 
1 
1 
1 
1 374:10.0 
1 
2 375:10.0 
1 
1 
2 
1 0:10.0 
2 
1 
0 376:10.0 
0 
0 
0 
0 
0 
0 
1 
1 377:10.0 
1 
1 
1 
1 
1 
1 
1 378:10.0 
0 379:10.0 
1 
0 
0 380:10.0 
1 
1 
1 
1 
1 243:10.0 
0 
1 
0 381:10.0 
0 28:10.0 
1 0:10.0 
1 0:10.0 
0 382:10.0 
1 383:10.0 
0 384:10.0 
2 
2 25:10.0 
1 
1 385:10.0 
2 254:10.0 
2 
1 
2 
2 
1 
1 
1 
1 
1 
0 
1 
1 
2 386:10.0 
1 
1 
2 0:10.0 204:10.0 
1 388:10.0 387:10.0 
1 194:10.0 40:10.0 
1 
2 0:10.0 
1 
2 219:10.0 
1 
1 
0 
0 
1 
1 
1 
2 0:10.0 
1 
0 
1 
1 
0 
0 
1 
0 389:10.0 2:10.0 
2 66:10.0 
0 390:10.0 
0 
1 
0 
1 391:10.0 
0 392:10.0 
0 
0 393:10.0 
1 
0 
1 
0 
1 
2 
1 
1 394:10.0 
1 
0 
2 
1 395:10.0 
0 
2 
1 
1 
1 
2 
2 
2 0:10.0 
1 
1 293:10.0 
1 78:10.0 254:10.0 
1 396:10.0 82:10.0 
1 
2 0:10.0 
2 
2 
1 
1 
0 397:10.0 398:10.0 
2 0:10.0 
1 
1 399:10.0 
1 
1 
2 0:10.0 
2 
1 
1 
2 136:10.0 
0 
1 400:10.0 
1 401:10.0 
1 
0 45:10.0 402:10.0 
1 
1 
1 
1 
1 
0 403:10.0 
1 
0 325:10.0 
0 
1 
1 
1 404:10.0 
1 
1 
2 405:10.0 
1 
0 
0 
1 
2 0:10.0 
0 
1 406:10.0 
2 
1 
2 
1 
1 
0 
2 
2 
0 
1 
2 407:10.0 
1 
1 408:10.0 
2 
1 84:10.0 
1 409:10.0 
1 
0 410:10.0 
2 
1 
0 
0 
1 
1 39:10.0 
1 411:10.0 
1 0:10.0 
2 
1 
2 
0 
0 
1 412:10.0 
2 413:10.0 
2 
2 414:10.0 
2 20:10.0 
1 
2 
1 
2 415:10.0 
1 
2 
2 160:10.0 
2 
1 
1 
1 21:10.0 
1 
1 
1 416:10.0 
1 
2 
0 
2 
1 38:10.0 
0 417:10.0 
2 
0 418:10.0 
2 
0 
0 
1 
1 
0 419:10.0 
0 420:10.0 
0 
1 211:10.0 137:10.0 
2 421:10.0 422:10.0 
1 423:10.0 
0 
1 
2 
0 
2 
2 424:10.0 
2 
0 
2 
1 
0 
0 
1 
0 
0 
2 425:10.0 
0 426:10.0 
2 427:10.0 
1 
2 
1 
1 
0 428:10.0 
2 
2 429:10.0 
2 430:10.0 
0 28:10.0 431:10.0 
1 
2 
0 21:10.0 
1 
2 
1 
1 
2 
2 432:10.0 433:10.0 
0 
0 
2 
1 363:10.0 434:10.0 
0 
2 2:10.0 
0 435:10.0 
1 
1 
2 
2 436:10.0 
1 
1 437:10.0 
2 
2 
2 
2 
0 438:10.0 
1 439:10.0 
0 
2 
2 
2 
2 
2 
1 440:10.0 
1 
2 
1 
0 
0 441:10.0 
1 442:10.0 
2 
1 37:10.0 443:10.0 
2 
2 444:10.0 
2 445:10.0 
2 
1 
2 
2 
0 
0 
0 
0 
0 65:10.0 
2 
2 
2 
0 
2 430:10.0 
0 
0 
2 
1 446:10.0 
2 
2 
0 
1 
0 
1 447:10.0 
1 448:10.0 
2 
2 42:10.0 
1 
2 
2 327:10.0 
0 
0 
0 449:10.0 
0 
2 
2 
2 450:10.0 
0 
2 
2 451:10.0 229:10.0 
0 
0 
0 
0 
2 452:10.0 
1 453:10.0 
0 
2 454:10.0 
1 
2 
1 
2 
2 
1 455:10.0 
1 
2 
0 
2 232:10.0 
1 
0 
1 
1 456:10.0 
0 0:10.0 
0 457:10.0 
2 
1 
0 
2 
2 
1 
0 458:10.0 
0 458:10.0 
0 
2 
2 
0 
1 
2 460:10.0 459:10.0 
2 
2 
1 461:10.0 
0 462:10.0 
0 
2 
2 463:10.0 
0 
1 
0 
2 
0 
2 
0 
2 0:10.0 
0 
0 
0 
0 
1 
0 
1 
2 
2 51:10.0 
2 
1 465:10.0 466:10.0 
2 0:10.0 
1 
0 136:10.0 
1 
0 
0 467:10.0 
1 
2 
2 
0 
2 468:10.0 
0 469:10.0 
1 
2 470:10.0 
1 471:10.0 
1 
1 
1 
0 
2 
1 
2 473:10.0 472:10.0 
2 
1 
0 
2 474:10.0 
0 
0 475:10.0 
0 476:10.0 
2 477:10.0 
0 
0 478:10.0 
1 
1 
2 20:10.0 479:10.0 
0 480:10.0 
2 
0 
2 481:10.0 
2 482:10.0 
2 
0 360:10.0 
0 61:10.0 
0 
2 20:10.0 
0 
2 
2 
1 484:10.0 483:10.0 
1 
2 
1 421:10.0 
1 3:10.0 
2 
1 485:10.0 
2 486:10.0 
0 487:10.0 
2 
2 
0 
0 488:10.0 
0 488:10.0 
0 489:10.0 
2 196:10.0 
2 45:10.0 490:10.0 
1 
2 
0 
0 
2 491:10.0 492:10.0 
2 493:10.0 20:10.0 
0 494:10.0 
2 363:10.0 
2 
0 
2 
2 
0 495:10.0 
0 
2 
0 496:10.0 
2 
0 
0 
1 
0 137:10.0 384:10.0 
0 421:10.0 
2 
2 0:10.0 
0 497:10.0 
1 
0 
2 
2 
0 
2 
2 499:10.0 498:10.0 
2 
0 
0 
0 
0 
0 67:10.0 
1 
0 
0 
1 
0 
2 243:10.0 
2 
2 
1 
2 
0 500:10.0 
0 0:10.0 
0 500:10.0 
2 501:10.0 
0 
0 502:10.0 
2 
1 
0 503:10.0 
0 504:10.0 
2 505:10.0 
0 
2 
0 
2 
0 
0 181:10.0 
1 
2 506:10.0 
2 507:10.0 
1 
0 
2 
0 
2 508:10.0 
1 
2 327:10.0 
0 
2 
2 509:10.0 
2 510:10.0 
0 
0 511:10.0 
0 
0 
0 
2 
0 512:10.0 
0 127:10.0 
2 513:10.0 
2 
2 43:10.0 
2 
2 
2 
2 
0 
2 
0 514:10.0 
1 66:10.0 515:10.0 
2 516:10.0 
2 
0 
2 
1 
0 
2 
1 517:10.0 
2 
2 
1 0:10.0 
2 
0 
0 
2 518:10.0 
1 519:10.0 
2 
2 520:10.0 82:10.0 
1 
2 
0 521:10.0 
1 
2 
2 522:10.0 
0 277:10.0 
2 
2 
0 
0 523:10.0 
0 
1 
2 
2 
1 
2 
0 122:10.0 
0 
2 
0 524:10.0 
2 
2 2:10.0 
0 
0 
0 
1 
2 
0 
0 525:10.0 
1 
0 
0 
2 13:10.0 
2 526:10.0 
0 527:10.0 
0 528:10.0 
1 
2 
2 
2 
2 20:10.0 
2 529:10.0 
0 512:10.0 
2 530:10.0 
0 294:10.0 
1 
2 
2 127:10.0 
2 118:10.0 
2 
0 531:10.0 
1 532:10.0 
0 370:10.0 
1 533:10.0 
0 0:10.0 
0 
2 534:10.0 
1 
0 
1 
1 
2 
2 535:10.0 
2 536:10.0 
0 
2 
2 537:10.0 
2 
0 538:10.0 
2 
2 
0 
2 539:10.0 
0 384:10.0 
1 540:10.0 
2 
2 
0 541:10.0 
2 542:10.0 
0 
2 
2 
0 86:10.0 543:10.0 
2 
0 86:10.0 543:10.0 
0 61:10.0 
0 544:10.0 
2 97:10.0 
2 
1 135:10.0 
0 
2 
1 
0 
0 
2 
0 
2 0:10.0 357:10.0 
2 
2 
1 
2 
1 
1 
2 
0 
2 
1 545:10.0 
2 
0 
2 20:10.0 
2 
1 
2 309:10.0 
1 
2 
1 
1 
2 
1 
0 0:10.0 
0 
0 546:10.0 
1 
2 
1 182:10.0 
1 
0 
1 
0 
2 547:10.0 
0 
0 548:10.0 
2 
0 548:10.0 
0 
0 
0 
0 
2 550:10.0 549:10.0 
1 551:10.0 
1 
2 
0 
0 552:10.0 
0 553:10.0 
0 554:10.0 
2 
1 
1 
2 103:10.0 
0 
0 
2 
0 555:10.0 
2 
0 555:10.0 
2 556:10.0 
1 
1 557:10.0 
0 
2 
2 
2 558:10.0 
2 
2 
2 28:10.0 
0 
2 
0 
2 39:10.0 
2 559:10.0 
0 
0 
0 
2 
1 560:10.0 
1 
2 
0 
1 21:10.0 561:10.0 
2 
0 
2 
0 
0 
0 562:10.0 
0 21:10.0 
0 21:10.0 
2 
2 
0 
2 
0 
0 
2 
0 358:10.0 
2 
0 
2 
0 
2 563:10.0 
0 2:10.0 
2 
2 
2 
1 
1 
2 45:10.0 
2 
0 
2 
2 
0 
0 61:10.0 
0 61:10.0 
2 4:10.0 
0 328:10.0 564:10.0 
2 565:10.0 
0 
2 
2 
0 
0 
0 
0 
2 566:10.0 
2 
2 567:10.0 
1 
0 568:10.0 
0 
0 
0 569:10.0 
2 570:10.0 
2 
0 160:10.0 
2 571:10.0 
0 
2 51:10.0 
0 572:10.0 
1 573:10.0 
0 574:10.0 
0 0:10.0 
0 
0 574:10.0 
2 
2 
1 
2 
2 575:10.0 
2 
0 
2 576:10.0 
0 
1 
2 
1 577:10.0 
0 
1 578:10.0 
0 579:10.0 
2 
0 
0 580:10.0 
0 581:10.0 
2 
0 3:10.0 
0 582:10.0 
2 286:10.0 
2 
2 583:10.0 
2 21:10.0 584:10.0 
2 386:10.0 
2 585:10.0 
0 
0 586:10.0 
2 
2 
0 587:10.0 
2 588:10.0 
1 
2 589:10.0 
2 590:10.0 
0 591:10.0 
2 
2 592:10.0 
2 593:10.0 
1 594:10.0 
2 
0 
0 
2 
0 595:10.0 596:10.0 
2 
2 
0 597:10.0 
2 
2 598:10.0 
2 
0 
0 
2 
0 
2 126:10.0 
0 599:10.0 
2 
0 600:10.0 
0 
0 
0 
2 
0 601:10.0 
0 602:10.0 
1 
0 602:10.0 
2 
1 
0 20:10.0 
2 
0 
2 603:10.0 
0 
2 
0 
0 605:10.0 604:10.0 
2 
2 577:10.0 
0 605:10.0 604:10.0 
0 606:10.0 
2 
0 
2 
0 
2 
1 607:10.0 
2 3:10.0 608:10.0 
0 
0 67:10.0 
0 
0 
1 609:10.0 
0 610:10.0 
0 611:10.0 
0 
2 
1 0:10.0 
0 
2 
2 612:10.0 
0 
0 
1 
0 
1 613:10.0 
2 
2 614:10.0 
2 20:10.0 
2 
0 
0 
0 
2 615:10.0 
2 
1 
2 
2 616:10.0 
0 
0 
0 
2 617:10.0 
2 176:10.0 
1 
2 
2 
2 618:10.0 
0 
0 619:10.0 
2 2:10.0 
1 
0 620:10.0 
2 0:10.0 137:10.0 
0 
0 621:10.0 
0 
2 622:10.0 
1 
1 386:10.0 
2 351:10.0 
2 
1 
2 
0 
0 
0 
0 
0 
0 
2 
0 623:10.0 
1 
2 624:10.0 
0 625:10.0 
0 626:10.0 38:10.0 
0 
0 
1 627:10.0 
2 
0 
2 
2 628:10.0 
2 629:10.0 
1 
2 
2 
2 
2 
2 
0 
2 
2 351:10.0 
0 
0 
0 
1 630:10.0 
2 
0 
2 
0 
2 
1 
0 84:10.0 
1 
0 
2 
0 
2 632:10.0 631:10.0 
1 
1 
0 
2 194:10.0 
0 634:10.0 633:10.0 
0 435:10.0 
1 0:10.0 
2 
1 
2 
2 
2 635:10.0 
2 
2 
0 
2 636:10.0 
2 638:10.0 
1 0:10.0 
0 
0 639:10.0 
0 
0 
0 
2 
2 20:10.0 
0 
0 
0 
2 3:10.0 
0 
0 
2 526:10.0 
0 28:10.0 
2 
2 614:10.0 
2 0:10.0 
0 640:10.0 
0 
2 642:10.0 641:10.0 
0 
0 
0 
1 
0 643:10.0 
0 
0 645:10.0 644:10.0 
0 
2 647:10.0 646:10.0 
2 
0 648:10.0 
2 20:10.0 
2 
2 93:10.0 649:10.0 
2 
2 
1 
0 
2 
2 
0 651:10.0 
0 
1 
2 
0 
2 
2 145:10.0 
2 
1 652:10.0 
0 
0 
0 
0 
0 456:10.0 
1 653:10.0 
2 655:10.0 654:10.0 
2 308:10.0 
2 
2 
2 
2 
2 
0 657:10.0 656:10.0 
0 657:10.0 656:10.0 
2 
2 
0 658:10.0 
2 659:10.0 
2 
2 660:10.0 
2 185:10.0 
2 661:10.0 
2 
1 662:10.0 
2 
2 
2 641:10.0 
1 663:10.0 
0 664:10.0 
2 
0 
2 
2 
2 
0 57:10.0 
2 
2 
2 
2 
0 665:10.0 
2 370:10.0 
0 
1 666:10.0 
2 
2 
1 
2 
2 21:10.0 
0 
2 
0 
0 
2 
0 40:10.0 
0 
0 667:10.0 
2 
0 668:10.0 
2 
2 669:10.0 
0 670:10.0 
2 
1 
0 21:10.0 
2 671:10.0 
0 
0 
1 
1 
2 165:10.0 
2 
1 
0 
2 
0 672:10.0 
0 
0 
1 
2 2:10.0 
2 
2 20:10.0 
0 
0 
2 
2 
2 673:10.0 
0 674:10.0 
1 
2 
0 
0 
2 
0 675:10.0 
1 20:10.0 
1 676:10.0 
0 
2 
0 
2 
2 
0 
0 
2 120:10.0 
2 
0 152:10.0 
2 
2 
2 
0 254:10.0 
2 163:10.0 
2 
1 
0 
1 
2 
0 610:10.0 
0 610:10.0 
2 677:10.0 
2 
0 
2 
0 127:10.0 
2 
2 20:10.0 
2 
0 
1 
1 678:10.0 
2 
1 430:10.0 
0 
2 28:10.0 
2 679:10.0 
0 680:10.0 
0 
2 
0 
2 
2 
0 
2 
2 
2 681:10.0 
0 
2 
2 682:10.0 
2 
1 683:10.0 
0 684:10.0 
0 
2 
2 685:10.0 
2 
2 686:10.0 
0 
1 
1 
0 
2 
0 
0 
2 552:10.0 
1 
2 687:10.0 
1 28:10.0 
1 
1 
0 28:10.0 
1 688:10.0 
0 689:10.0 
2 
0 690:10.0 
0 
0 691:10.0 
2 
0 
0 
0 
0 
2 
0 28:10.0 
0 
0 692:10.0 
0 692:10.0 
2 363:10.0 
0 
2 
2 84:10.0 
0 
1 
2 
0 
0 
0 693:10.0 
0 
2 694:10.0 695:10.0 
2 297:10.0 
0 
1 67:10.0 
1 
1 
1 
2 
1 
1 
1 
1 
2 626:10.0 
0 
2 696:10.0 
0 384:10.0 
2 
1 0:10.0 
2 
0 
2 
0 
2 
0 
2 698:10.0 181:10.0 
2 
0 
2 
2 
2 
1 
0 
0 699:10.0 
0 456:10.0 
0 456:10.0 
0 700:10.0 
2 
2 701:10.0 
2 
0 702:10.0 
0 
0 703:10.0 
2 705:10.0 704:10.0 
2 
2 84:10.0 
0 
0 
0 706:10.0 
2 386:10.0 
2 
0 217:10.0 
1 
0 
0 
2 21:10.0 
1 
2 707:10.0 
0 20:10.0 
2 
0 708:10.0 
1 184:10.0 
1 
0 
0 710:10.0 709:10.0 
0 
0 
2 711:10.0 
0 
1 712:10.0 
2 
2 
0 
0 
0 20:10.0 
0 
0 713:10.0 
0 3:10.0 
0 
0 
0 
0 714:10.0 384:10.0 
1 
0 
2 118:10.0 
2 
2 
2 0:10.0 
2 
2 28:10.0 
2 119:10.0 
2 
0 
1 
0 
1 
1 
2 715:10.0 
0 
2 
2 717:10.0 716:10.0 
2 
2 718:10.0 
2 
1 719:10.0 
2 
0 
2 
2 20:10.0 
2 66:10.0 
0 
0 160:10.0 
1 
2 720:10.0 
0 
0 
2 
1 
2 
0 37:10.0 
1 
2 
2 
1 
0 0:10.0 
0 
0 
2 283:10.0 
0 
0 
0 
2 
0 
2 20:10.0 
0 
2 721:10.0 
2 512:10.0 
1 
0 510:10.0 
2 
0 
1 
0 
0 
2 722:10.0 
1 
2 723:10.0 
1 
0 724:10.0 
2 
1 725:10.0 
2 146:10.0 
0 67:10.0 
2 0:10.0 
1 0:10.0 
0 
0 
0 
0 
2 
0 726:10.0 
0 
2 
1 
2 
1 
2 
0 198:10.0 
2 727:10.0 
2 386:10.0 
2 728:10.0 729:10.0 
2 
1 
0 
2 
2 
2 254:10.0 
2 137:10.0 730:10.0 
1 
2 731:10.0 
2 20:10.0 
2 
2 
0 
0 732:10.0 
2 733:10.0 
2 
1 
2 
2 677:10.0 
0 67:10.0 
0 185:10.0 
2 734:10.0 
1 
2 735:10.0 
0 
2 736:10.0 
0 
0 
1 
0 
0 
0 0:10.0 384:10.0 
2 
1 
1 738:10.0 737:10.0 
0 
0 
2 
0 510:10.0 
2 20:10.0 
2 739:10.0 
0 
0 
2 
2 
0 740:10.0 
2 53:10.0 2:10.0 
2 741:10.0 
0 
0 472:10.0 
0 
0 742:10.0 
2 
2 137:10.0 
2 20:10.0 
0 
1 
1 
0 
2 744:10.0 743:10.0 
0 
0 37:10.0 
0 745:10.0 
1 
0 
0 
1 
0 
2 
1 
1 
1 
1 
2 746:10.0 
0 
2 747:10.0 137:10.0 
1 
0 
2 748:10.0 
1 
1 749:10.0 
0 750:10.0 40:10.0 
2 1:10.0 
1 751:10.0 
2 
0 752:10.0 
2 753:10.0 
1 
2 
2 28:10.0 
0 
2 
2 
0 
2 
1 754:10.0 
0 755:10.0 
2 756:10.0 
2 
1 
1 
2 
1 93:10.0 
1 757:10.0 
1 
2 748:10.0 
0 
0 217:10.0 
2 758:10.0 
2 
1 
0 
2 
2 
2 
0 759:10.0 
2 25:10.0 
0 
2 
0 
0 
0 
2 
0 760:10.0 
0 
2 
2 761:10.0 
0 
0 
2 
2 38:10.0 
2 
0 
0 763:10.0 762:10.0 
0 764:10.0 
0 765:10.0 
2 
2 17:10.0 
2 
0 77:10.0 
1 766:10.0 
2 
0 
0 124:10.0 
2 127:10.0 
2 243:10.0 
2 
0 
1 769:10.0 
0 
0 
1 
1 
0 
2 
0 
2 
1 655:10.0 
1 
2 
2 
1 
0 
0 771:10.0 
2 
1 
1 
0 
0 
0 
2 
0 
0 
1 0:10.0 
0 
2 
0 772:10.0 
2 
2 
2 
1 711:10.0 
2 
0 
0 773:10.0 3:10.0 
2 774:10.0 
1 775:10.0 
0 
2 
0 
2 
0 
1 
1 
0 
0 
2 776:10.0 
0 
1 
1 
1 777:10.0 
0 
0 778:10.0 
0 779:10.0 
0 
1 456:10.0 
0 
2 
0 
1 780:10.0 
2 97:10.0 781:10.0 
1 
1 
0 
1 
1 
1 
0 782:10.0 
1 
1 
2 
2 783:10.0 
0 
1 784:10.0 
2 
1 
0 
1 
2 
2 
1 353:10.0 
1 0:10.0 
1 
2 
0 
0 785:10.0 
0 28:10.0 786:10.0 
0 
0 
2 21:10.0 787:10.0 
0 
0 39:10.0 
0 788:10.0 
1 
1 38:10.0 
0 789:10.0 
1 790:10.0 
1 
0 
1 791:10.0 17:10.0 
0 94:10.0 126:10.0 
2 0:10.0 
1 
1 
0 
2 17:10.0 
0 
0 
1 28:10.0 
1 
0 
0 
1 792:10.0 
0 
0 
2 
1 
0 
1 
0 793:10.0 
1 
1 
1 
0 127:10.0 422:10.0 
0 794:10.0 43:10.0 
0 
0 0:10.0 
1 
1 
0 795:10.0 
1 
1 
2 370:10.0 
1 796:10.0 
0 
1 
1 797:10.0 
1 
1 
0 
0 472:10.0 
1 
1 798:10.0 
2 
1 767:10.0 
0 
2 324:10.0 
1 
0 
1 237:10.0 
1 
1 799:10.0 
2 
0 
0 800:10.0 
0 
1 801:10.0 
1 512:10.0 
1 
1 
1 
2 
2 
1 802:10.0 
1 
0 
0 
0 
0 
0 803:10.0 
1 
1 
0 
0 
1 
1 804:10.0 
1 
1 
1 
1 1:10.0 
0 805:10.0 
1 806:10.0 
1 447:10.0 
0 
1 
1 
2 
1 40:10.0 
0 
2 
1 
2 
2 
1 93:10.0 
1 808:10.0 807:10.0 
2 
1 
1 
0 
0 
0 809:10.0 
1 
0 
1 810:10.0 
1 
1 811:10.0 
0 388:10.0 
1 
0 
0 136:10.0 
1 25:10.0 
0 
1 
0 324:10.0 812:10.0 
1 
1 
0 456:10.0 
2 
1 
1 
0 
1 
1 
1 
1 
1 
0 
0 
2 
0 
1 
1 813:10.0 
1 
0 814:10.0 
0 815:10.0 
1 
0 
0 136:10.0 
1 
1 816:10.0 
1 254:10.0 
0 
1 817:10.0 
0 
0 
0 
1 28:10.0 
1 818:10.0 
0 
0 
1 
1 819:10.0 
1 
1 
1 
0 820:10.0 
0 820:10.0 
0 
0 821:10.0 
1 822:10.0 823:10.0 
1 
1 
1 
0 824:10.0 
0 
1 825:10.0 
0 826:10.0 
0 53:10.0 
0 
0 
0 
0 827:10.0 
0 20:10.0 
0 828:10.0 
0 
0 
0 136:10.0 
0 
0 
0 
1 
0 
2 
0 
0 
0 357:10.0 
0 
1 
1 
1 
0 
1 
0 319:10.0 
0 
0 
1 829:10.0 
2 830:10.0 
1 
1 
1 831:10.0 
0 
1 20:10.0 
1 20:10.0 146:10.0 
1 832:10.0 
0 120:10.0 
1 
0 
1 357:10.0 
1 0:10.0 
1 
0 
1 
1 
0 672:10.0 
0 833:10.0 
0 833:10.0 
0 
0 
0 
2 
0 834:10.0 
0 834:10.0 
0 
0 
2 836:10.0 835:10.0 
0 
2 837:10.0 
0 
0 
0 
1 
1 
0 21:10.0 
0 0:10.0 
0 0:10.0 
0 
0 
0 
2 
2 
0 
0 
0 
1 
0 
2 165:10.0 
0 838:10.0 
2 
2 
2 839:10.0 840:10.0 
1 
0 20:10.0 
