0 
2 
0 
1 6:10.0 
0 
0 
2 
1 
0 21:10.0 3:10.0 
0 22:10.0 
2 23:10.0 
1 6:10.0 
0 6:10.0 
0 9:10.0 
1 
0 6:10.0 
1 
1 
2 
0 27:10.0 
0 
0 
0 29:10.0 28:10.0 
1 
0 
0 
0 
0 
0 
0 
0 31:10.0 
0 
0 
0 
2 9:10.0 
0 
0 32:10.0 
2 
2 
2 
0 
0 
2 
2 9:10.0 
2 
2 
2 
0 
2 33:10.0 
2 
1 34:10.0 
2 35:10.0 
2 
2 36:10.0 
0 
0 
0 37:10.0 
2 39:10.0 38:10.0 
2 
0 
2 40:10.0 
2 
0 
0 
2 41:10.0 
1 
1 18:10.0 
2 
2 
2 
2 
2 
1 9:10.0 
2 9:10.0 
0 
0 42:10.0 
0 
2 
2 43:10.0 
2 
0 
2 
0 
0 
0 
0 
2 44:10.0 
2 
0 45:10.0 
0 
2 
2 46:10.0 
0 47:10.0 
2 48:10.0 
0 
2 
0 
2 
2 
0 
2 
0 49:10.0 
0 51:10.0 50:10.0 
2 
0 
2 52:10.0 
2 
0 
2 53:10.0 
2 37:10.0 
0 
2 
2 
2 6:10.0 
2 
1 
0 
1 54:10.0 
0 
0 9:10.0 
2 55:10.0 
2 
0 
0 56:10.0 
0 57:10.0 
2 58:10.0 
0 59:10.0 
0 
2 
2 
1 
0 
2 
0 60:10.0 
0 
0 
2 
2 
2 
0 
1 
2 
0 
2 9:10.0 
0 9:10.0 
1 
2 9:10.0 
0 
2 
2 9:10.0 54:10.0 
0 61:10.0 
2 
2 
0 
2 
2 
2 
2 29:10.0 
1 62:10.0 
1 63:10.0 
2 
2 
2 64:10.0 
0 
2 65:10.0 
0 
1 
2 66:10.0 
0 67:10.0 
0 
2 
2 18:10.0 
1 
2 68:10.0 
2 
2 65:10.0 
0 
0 
2 
1 
2 66:10.0 
2 65:10.0 
2 29:10.0 
1 
1 69:10.0 
0 
2 
2 
2 
2 
2 70:10.0 
2 71:10.0 
2 6:10.0 
2 
0 
0 72:10.0 
0 
0 
2 
2 
2 48:10.0 
2 
2 
0 74:10.0 
1 
2 
2 
2 
2 9:10.0 75:10.0 
0 
0 76:10.0 
2 
2 6:10.0 
2 6:10.0 
2 62:10.0 
0 
0 
2 
0 
2 77:10.0 
0 
2 
1 
2 
0 78:10.0 
1 5:10.0 
1 79:10.0 
0 80:10.0 
2 
1 81:10.0 
0 82:10.0 
1 
2 
2 
0 
0 
0 
1 
0 
1 
0 
0 
1 
0 
2 83:10.0 
1 
1 
1 
0 
1 
0 
0 
0 
2 
0 
0 62:10.0 
2 
2 5:10.0 
0 
0 84:10.0 
0 
2 
0 
0 
0 85:10.0 
0 
2 6:10.0 86:10.0 
2 68:10.0 
2 
2 
0 
1 
2 
2 
2 
0 
0 87:10.0 
0 87:10.0 
2 29:10.0 
2 
1 
2 
0 88:10.0 
0 89:10.0 
1 90:10.0 
2 
1 
0 
0 
0 
0 91:10.0 
0 93:10.0 92:10.0 
0 
0 
0 
1 94:10.0 
2 
0 
0 95:10.0 
0 
2 
2 
1 
0 48:10.0 
0 
1 94:10.0 
2 
0 
0 
0 
0 
0 
0 
0 
0 
0 
0 
2 
2 
0 
1 54:10.0 96:10.0 
0 
2 
2 
1 
0 97:10.0 
1 
0 
0 
0 
0 98:10.0 
2 
1 99:10.0 
2 54:10.0 
2 29:10.0 
2 100:10.0 
2 
2 
1 
0 
2 
1 
0 
0 
0 
0 
0 65:10.0 
0 
0 101:10.0 
2 
1 102:10.0 
1 
1 
1 103:10.0 
0 
0 
2 
2 
2 6:10.0 
2 
1 
2 
1 
2 105:10.0 104:10.0 
1 106:10.0 
2 
1 
0 
0 65:10.0 
0 
2 107:10.0 
1 
1 108:10.0 
2 109:10.0 110:10.0 
1 
0 34:10.0 
1 111:10.0 
0 
0 
1 
0 112:10.0 
2 
2 
1 
0 
0 113:10.0 
2 114:10.0 
0 
1 115:10.0 
2 116:10.0 
2 117:10.0 
0 
1 118:10.0 
2 
0 119:10.0 
1 
2 
1 
2 120:10.0 
1 121:10.0 
2 116:10.0 
2 122:10.0 
2 123:10.0 
0 
1 
2 116:10.0 124:10.0 
2 
2 
2 
0 
0 125:10.0 
2 126:10.0 116:10.0 
1 6:10.0 
0 
0 
0 
0 127:10.0 
0 128:10.0 
1 129:10.0 
2 
0 6:10.0 
1 
2 
0 
0 
2 
0 130:10.0 
0 131:10.0 
0 
0 29:10.0 
0 29:10.0 
0 29:10.0 
0 
1 132:10.0 
0 133:10.0 
0 
2 65:10.0 
0 
0 
0 134:10.0 
0 
0 
0 135:10.0 
1 136:10.0 
0 
2 6:10.0 
1 138:10.0 137:10.0 
0 139:10.0 
0 140:10.0 
2 
2 141:10.0 131:10.0 
0 
0 
0 
0 142:10.0 
0 
0 
0 48:10.0 143:10.0 
2 
2 6:10.0 144:10.0 
0 
1 
2 136:10.0 
1 145:10.0 
2 
2 
2 146:10.0 
1 
0 
2 148:10.0 147:10.0 
2 
0 131:10.0 
1 149:10.0 
0 
0 
0 117:10.0 
1 
1 150:10.0 
0 116:10.0 
2 151:10.0 
0 
0 152:10.0 
0 
0 
2 116:10.0 
0 153:10.0 
0 
0 154:10.0 
2 131:10.0 
0 
0 155:10.0 
0 6:10.0 
0 
0 
1 
2 156:10.0 
2 157:10.0 
0 29:10.0 
2 159:10.0 158:10.0 
0 160:10.0 
1 
2 161:10.0 139:10.0 
1 
1 
2 162:10.0 
0 163:10.0 
0 
2 116:10.0 
1 
1 6:10.0 
0 
1 164:10.0 
1 
0 116:10.0 
0 
0 
1 
0 
0 
0 5:10.0 
1 
0 
1 
2 166:10.0 165:10.0 
0 168:10.0 167:10.0 
2 169:10.0 
2 
0 
0 
0 
1 
1 170:10.0 
0 172:10.0 171:10.0 
0 
1 
0 
0 173:10.0 
0 
2 174:10.0 
0 
0 175:10.0 
0 175:10.0 
2 176:10.0 
2 
2 116:10.0 
0 158:10.0 
1 6:12.375897158960338 
1 
1 177:10.0 
2 178:10.0 179:10.0 
2 
0 
0 
2 
0 
2 
0 
0 
2 
1 
0 180:10.0 181:10.0 
0 
2 182:10.0 
0 
2 
0 
1 183:10.0 
0 184:10.0 
0 
0 185:10.0 
0 186:10.0 
0 
1 
0 
1 
2 
2 
0 
0 
0 
0 187:10.0 
2 188:10.0 
0 190:10.0 189:10.0 
1 
1 
1 
1 
1 
1 191:10.0 
0 
0 
0 192:10.0 
1 193:10.0 
1 194:10.0 
1 195:10.0 
0 65:10.0 
1 
0 196:10.0 
1 197:10.0 
1 
2 
1 
0 
1 
2 198:10.0 
2 
0 199:10.0 
1 
0 
0 
1 200:10.0 
0 
0 65:10.0 
0 
0 
1 
2 
1 201:10.0 
1 202:10.0 
0 
0 
2 
0 203:10.0 
0 
0 
0 
2 
0 204:10.0 205:10.0 
0 204:10.0 205:10.0 
0 
0 
1 206:10.0 
2 
0 
2 207:10.0 
2 
1 208:10.0 
0 184:10.0 
0 
2 
1 136:10.0 209:10.0 
0 
1 210:10.0 
0 
0 
0 
2 6:10.0 
0 
0 
2 211:10.0 
1 5:10.0 
0 
0 
0 
0 
2 29:10.0 
0 
0 212:10.0 
1 213:10.0 
0 29:10.0 
0 29:10.0 
0 
0 
2 214:10.0 
2 
0 
0 
0 215:10.0 
0 215:10.0 
2 6:10.0 
0 
2 
0 
0 
0 
0 216:10.0 
0 216:10.0 
0 216:10.0 
0 217:10.0 
0 
1 
0 218:10.0 
2 
2 
2 
2 6:10.0 219:10.0 
2 220:10.0 
1 221:10.0 
0 166:10.0 
0 
0 
0 
2 
0 
1 
0 222:10.0 
2 
1 223:10.0 224:10.0 
1 223:10.0 224:10.0 
1 223:10.0 224:10.0 
1 223:10.0 224:10.0 
1 223:10.0 224:10.0 
1 223:10.0 224:10.0 
0 
0 
1 223:10.0 224:10.0 
0 
1 
1 
1 
2 225:10.0 
2 226:10.0 
2 
0 227:10.0 
0 227:10.0 
0 228:10.0 
2 
1 
1 
0 
1 230:10.0 229:10.0 
0 203:10.0 
0 
1 
2 
2 
0 
0 
0 231:10.0 
1 6:10.0 
0 
2 
0 232:10.0 
0 
0 233:10.0 
0 234:10.0 
0 
1 
0 
0 
0 
0 
0 235:10.0 
0 29:10.0 
0 86:10.0 
0 236:10.0 
2 237:10.0 
0 238:10.0 
2 239:10.0 
1 
0 
0 
1 
0 240:10.0 
0 
0 242:10.0 241:10.0 
2 6:10.0 
0 243:10.0 
0 
0 244:10.0 
0 
0 245:10.0 
0 245:10.0 
1 
1 
1 
0 121:10.0 
0 
0 
0 
0 
0 
0 6:10.0 
0 247:10.0 246:10.0 
0 
0 
2 
0 
0 
2 
0 
0 
2 
0 
0 
0 
1 
0 
2 5:10.0 
0 248:10.0 
2 
0 
0 
0 
0 249:10.0 
0 249:10.0 
1 250:10.0 
0 
0 251:10.0 
0 
1 
0 
0 
2 252:10.0 
0 253:10.0 
0 254:10.0 
0 255:10.0 
0 
0 
0 256:10.0 
0 256:10.0 
0 
1 257:10.0 
2 
0 
0 
0 
0 
1 258:10.0 
0 
0 
1 
0 
0 259:10.0 
0 
2 
2 97:10.0 
2 260:10.0 
0 261:10.0 
0 
1 262:10.0 263:10.0 
0 
0 264:10.0 
0 
0 
1 
1 
1 
0 
0 
1 
1 
1 
0 265:10.0 
1 
1 
0 
0 
1 6:10.0 136:10.0 266:10.0 
2 
0 267:10.0 
0 267:10.0 
0 
0 268:10.0 
0 
2 269:10.0 271:10.0 270:10.0 
0 
0 272:10.0 
1 273:10.0 
0 
1 
0 274:10.0 
2 
2 
1 263:10.0 
1 
1 
1 
1 
1 
1 
1 
1 
0 275:10.0 
0 
0 
1 276:10.0 
2 
1 
1 
0 
1 277:10.0 
0 
1 278:10.0 
1 
1 
0 279:10.0 
0 280:10.0 
1 6:10.0 
1 6:10.0 
1 6:10.0 
0 
1 
0 
0 
0 
0 281:10.0 
1 282:10.0 
2 283:10.0 
2 
1 
2 6:10.0 
2 
0 
0 284:10.0 29:10.0 
1 285:10.0 
1 286:10.0 
1 287:10.0 
0 
0 
1 
2 136:10.0 
0 
0 
0 
1 
1 
0 288:10.0 
1 6:10.0 
1 289:10.0 
0 
0 
0 
0 
0 
1 6:10.0 
1 
1 
0 290:10.0 
1 
0 291:10.0 
0 212:10.0 
0 292:10.0 
0 
1 
1 
0 293:10.0 
2 294:10.0 
1 
1 
0 
1 
0 
1 
2 295:10.0 
1 296:10.0 
2 
1 
0 60:10.0 
0 
1 
0 
0 29:10.0 
1 297:10.0 
1 
0 29:10.0 
0 258:10.0 
1 
0 
0 
0 245:10.0 
0 298:10.0 
0 
1 
0 29:10.0 299:10.0 
0 
0 5:10.0 
1 300:10.0 
0 
0 
1 
0 
0 
1 
0 
0 
0 301:10.0 
1 302:10.0 
1 303:10.0 
1 303:10.0 
1 303:10.0 
1 303:10.0 
0 
