2 
1 
2 
2 6:10.0 
2 
1 
2 
2 
0 
2 7:10.0 
0 8:10.0 
2 9:10.0 
0 
1 
0 10:10.0 
1 
1 
0 
1 
2 
2 
2 13:10.0 
2 
1 0:10.0 15:10.0 
2 
2 
2 
1 0:10.0 
1 
0 12:10.0 
0 
2 
2 17:10.0 
2 
1 
0 18:10.0 
0 
2 
0 
2 12:10.0 
2 
2 
0 
1 
2 
2 20:10.0 19:10.0 
1 21:10.0 
2 
0 22:10.0 
0 
2 
0 
2 23:10.0 
0 
0 
2 24:10.0 
0 
1 25:10.0 
0 
0 26:10.0 
0 
0 27:10.0 
1 
2 
2 28:10.0 
2 29:10.0 
0 
2 30:10.0 
0 
2 
0 
1 32:10.0 31:10.0 
2 
0 
0 33:10.0 
2 34:10.0 
1 35:10.0 36:10.0 
2 
2 
2 12:10.0 
2 
0 37:10.0 
1 
0 
0 12:10.0 
1 
0 
0 
0 
0 
1 
2 30:10.0 
0 
2 
1 38:10.0 
2 
0 
0 
1 
2 30:10.0 
1 
2 40:10.0 
0 
1 
0 
2 42:10.0 32:10.0 
2 43:10.0 
0 
2 
1 44:10.0 
1 45:10.0 
1 46:10.0 
2 
1 34:10.0 47:10.0 
1 
2 1:10.0 
2 
1 
0 0:10.0 
2 
1 
1 48:10.0 
0 
2 
0 
0 
0 
2 
1 
2 9:10.0 
0 
0 49:10.0 
1 
1 
2 0:10.0 
1 
0 50:10.0 
0 50:10.0 
2 33:10.0 
2 12:10.0 
2 
2 
0 
0 
0 51:10.0 
0 
1 
2 52:10.0 53:10.0 
2 
0 
0 
2 
1 
0 54:10.0 
1 
2 
0 
0 55:10.0 
2 56:10.0 
2 
1 
2 
0 
0 57:10.0 
0 58:10.0 
0 
1 
1 59:10.0 
1 
2 30:10.0 
2 
1 
2 
2 5:10.0 
2 60:10.0 61:10.0 
1 
0 
1 
0 62:10.0 
1 63:10.0 
2 
2 
0 
0 64:10.0 
1 
2 
1 25:10.0 
1 22:10.0 
2 
0 
2 
0 
1 66:10.0 
1 
0 50:10.0 
1 
0 67:10.0 
0 
2 
0 
2 
0 68:10.0 
1 
2 25:10.0 
2 69:10.0 
0 
1 
1 70:10.0 
1 71:10.0 
0 
0 
1 
2 
0 
1 
1 72:10.0 
0 73:10.0 
0 
0 
2 
0 74:10.0 
2 
0 
0 
0 
0 
1 
0 
0 
2 75:10.0 
0 76:10.0 
0 
2 
2 
0 
0 
2 
0 
2 
1 77:10.0 
2 78:10.0 
0 
2 
2 
2 
0 79:10.0 
0 
2 80:10.0 
0 
0 
1 0:10.0 
2 
1 
2 
2 
1 
0 81:10.0 
2 
2 12:10.0 
0 
2 0:10.0 
0 
0 
0 
0 
1 
2 5:10.0 
1 
0 
2 0:10.0 
1 82:10.0 
0 0:10.0 
1 83:10.0 
2 8:10.0 
1 
2 84:10.0 
2 
2 85:10.0 
1 
0 
2 1:10.0 
2 
2 
0 
2 86:10.0 
1 
1 
1 77:10.0 
2 
2 
2 
1 
1 
2 
2 
0 
2 
0 
2 
2 12:10.0 87:10.0 
0 
2 
2 
1 
2 88:10.0 
0 89:10.0 
0 
2 50:10.0 90:10.0 
1 
2 91:10.0 
0 
0 
0 
2 
1 
0 
2 
0 
0 
2 
2 92:10.0 
0 
2 80:10.0 
2 
2 
1 30:10.0 
2 
2 93:10.0 
0 
2 
2 
0 
2 
1 
2 94:10.0 
2 95:10.0 96:10.0 
0 
0 
1 97:10.0 
0 
2 
1 
2 
0 
2 98:10.0 
2 
2 
2 
0 
0 
0 
1 
2 99:10.0 
2 100:10.0 
0 
0 
2 
2 101:10.0 
2 102:10.0 
0 
0 
0 
2 
0 103:10.0 
0 104:10.0 105:10.0 
2 
2 106:10.0 
2 
1 
2 107:10.0 
2 108:10.0 
2 
0 40:10.0 
2 
0 
0 
2 109:10.0 
0 0:10.0 
1 110:10.0 
0 
2 
2 
1 
0 111:10.0 
2 
2 
0 112:10.0 
0 
0 
0 
0 
0 113:10.0 
1 114:10.0 
1 115:10.0 
0 
2 25:10.0 
1 116:10.0 
1 
0 63:10.0 
0 117:10.0 
2 73:10.0 
2 0:10.0 
2 
0 
0 118:10.0 
0 
0 
2 
0 118:10.0 
2 
0 0:10.0 
2 
0 
0 
2 119:10.0 
2 8:10.0 
0 
0 120:10.0 
0 
2 121:10.0 
2 
2 
2 
0 
2 122:10.0 
0 14:10.0 
0 
1 
0 
0 
0 
1 
0 123:10.0 
1 
0 
1 1:10.0 
1 
2 10:10.0 
0 
0 12:10.0 90:10.0 
0 
0 
0 
0 
2 125:10.0 124:10.0 
0 
0 
1 0:10.0 80:10.0 
1 
1 
0 126:10.0 
0 
1 
0 127:10.0 
2 1:10.0 
0 128:10.0 
2 
1 12:10.0 63:10.0 
1 
2 
0 
2 
0 5:10.0 
1 129:10.0 
2 130:10.0 
0 
0 
0 
0 
2 
2 0:10.0 
1 131:10.0 
0 74:10.0 
0 
2 
2 12:10.0 
2 35:10.0 
1 133:10.0 
2 134:10.0 
1 135:10.0 
2 
2 
2 61:10.0 
2 
2 61:10.0 
1 
2 
2 
0 
0 
2 
2 
2 
2 
2 
2 80:10.0 
1 
0 136:10.0 
0 
2 
0 
2 137:10.0 
2 138:10.0 
0 
1 
0 
2 139:10.0 
1 140:10.0 
2 30:10.0 
1 
2 
0 
2 141:10.0 
0 
0 
2 
0 142:10.0 
1 
0 
2 143:10.0 
1 
2 
1 144:10.0 
0 
0 145:10.0 146:10.0 
0 
2 
2 
0 147:10.0 
0 
2 
1 
2 
1 
2 
2 148:10.0 
0 
2 
0 
2 
2 
2 149:10.0 
0 0:10.0 
0 150:10.0 
0 151:10.0 
0 0:10.0 
2 152:10.0 
0 153:10.0 
0 12:10.0 
0 
2 
2 
0 
1 
0 154:10.0 91:10.0 
0 
2 
2 155:10.0 
2 
0 
0 
1 
1 
0 
2 80:10.0 
2 156:10.0 
2 157:10.0 
0 
0 
0 
2 
2 158:10.0 
0 
2 159:10.0 
0 
0 
2 
0 
2 
0 160:10.0 
0 
1 161:10.0 
0 
0 
2 162:10.0 1:10.0 
2 
0 163:10.0 
0 
2 
2 
1 
0 
2 
0 
1 80:10.0 
2 
2 80:10.0 
2 90:10.0 
1 
2 
0 
2 
0 61:10.0 
1 80:10.0 
2 
0 164:10.0 
1 50:10.0 
0 
0 
2 
2 
1 0:10.0 
1 
2 
1 
0 10:10.0 
0 
2 165:10.0 
2 
0 
0 
1 
2 
1 12:10.0 
1 
1 
2 
2 166:10.0 
0 167:10.0 168:10.0 
1 
2 
1 169:10.0 
0 
1 
1 
2 
2 170:10.0 
2 
0 
1 
2 
2 34:10.0 
0 171:10.0 
0 
0 
1 
0 
2 
0 
0 
0 
1 
1 
1 
2 61:10.0 
0 
2 
2 
0 
0 
2 
1 
0 
1 172:10.0 
2 
1 
1 
2 173:10.0 
2 
2 
1 
0 
0 
2 
2 174:10.0 
0 
2 12:10.0 
0 
1 
2 34:10.0 
2 175:10.0 
0 
1 
2 176:10.0 
1 177:10.0 
2 
1 
1 
1 
1 
2 
2 178:10.0 
1 
0 
0 
2 179:10.0 
1 
0 180:10.0 
0 
2 
0 
0 
0 181:10.0 
2 61:10.0 
2 182:10.0 
2 
0 80:10.0 
1 
2 
1 184:10.0 183:10.0 
0 
2 185:10.0 
2 186:10.0 
2 
2 
0 
0 187:10.0 
1 
1 75:10.0 
0 188:10.0 
0 
1 
1 
2 
0 
2 
1 
1 
0 
2 
2 
1 
2 
0 
0 
0 
0 
2 25:10.0 
2 0:10.0 
1 189:10.0 
1 
0 190:10.0 
2 12:10.0 
0 191:10.0 
2 192:10.0 
2 1:10.0 
2 0:10.0 30:10.0 
0 193:10.0 
2 194:10.0 
2 179:10.0 
2 3:10.0 
0 195:10.0 163:10.0 
1 34:10.0 30:10.0 
1 
1 196:10.0 
0 197:10.0 198:10.0 
2 
0 199:15.019766944883615 
2 0:10.0 
0 
2 201:10.0 200:10.0 
2 
2 202:10.0 
2 
2 
0 203:10.0 
2 
0 
0 
2 
2 204:10.0 
2 
0 
0 205:10.0 
0 
0 
2 206:10.0 
2 207:10.0 
0 208:10.0 
0 
2 209:10.0 
1 50:10.0 
0 210:10.0 
1 
0 
2 
1 211:10.0 
2 212:10.0 
1 
0 
0 213:10.0 
2 
2 
0 
2 214:10.0 
2 
1 215:10.0 
0 
2 216:10.0 
2 
0 
0 217:10.0 218:10.0 
0 
1 219:10.0 
0 
2 
1 220:10.0 
0 
2 
0 221:10.0 
1 0:10.0 
0 
2 
2 
2 
0 
2 9:10.0 
1 
0 
2 
2 
2 30:10.0 
1 
0 30:10.0 
0 
0 
2 
2 
0 
0 
0 
2 
2 
1 222:10.0 
0 
1 
0 224:10.0 223:10.0 
0 
0 
2 61:10.0 
1 53:10.0 
1 
2 
0 
0 225:10.0 
0 226:10.0 
1 
0 227:10.0 
0 228:10.0 
1 0:10.0 
2 12:10.0 
2 229:10.0 
0 
0 
2 230:10.0 
2 
0 
2 
2 231:10.0 
0 232:10.0 233:10.0 
0 234:10.0 
1 
1 235:10.0 229:10.0 
2 
2 236:10.0 
0 
0 
1 
0 237:10.0 
1 226:10.0 
0 
2 
2 238:10.0 
2 239:10.0 
0 
1 
2 239:10.0 
2 
0 
2 
0 1:10.0 
0 
2 
2 1:10.0 
1 240:10.0 
1 
1 
1 
1 
1 
2 
0 
0 241:10.0 
2 
2 12:10.0 
0 9:10.0 
0 
0 
2 0:10.0 
2 242:10.0 
2 
2 
2 
2 0:10.0 
0 
0 22:10.0 84:10.0 
0 22:10.0 84:10.0 
1 
1 
0 
0 
0 
0 
0 
2 9:10.0 
0 243:10.0 
1 244:10.0 
1 
0 
1 
0 
0 
0 245:10.0 
0 
1 246:10.0 
0 84:10.0 
1 247:10.0 
0 
0 163:10.0 
1 
0 
0 249:10.0 
2 30:10.0 
2 0:10.0 
1 
0 
2 
1 250:10.0 
2 251:10.0 
2 
1 252:10.0 
0 0:10.0 
2 
0 
2 
0 253:10.0 
2 
0 
1 16:10.0 
0 
2 0:10.0 
2 1:10.0 
2 14:10.0 
0 
1 
2 
2 
2 
2 
2 22:10.0 
0 12:10.0 
2 
2 225:10.0 
1 
1 
0 
0 
0 
2 254:10.0 135:10.0 
0 
2 
1 255:10.0 
1 
0 256:10.0 
2 257:10.0 
2 
0 
1 
0 
2 258:10.0 
0 
2 
2 
1 259:10.0 
2 260:10.0 261:10.0 
2 262:10.0 
2 
1 
2 
0 30:10.0 
0 
1 263:10.0 
1 
1 
0 
0 264:10.0 
0 
1 63:10.0 22:10.0 
2 265:10.0 
0 266:10.0 
0 267:10.0 239:10.0 
0 
0 245:10.0 
0 74:10.0 
1 
1 88:10.0 
0 
0 268:10.0 
0 
2 
0 179:10.0 
1 271:10.0 270:10.0 
0 
0 0:10.0 
0 14:10.0 
2 
2 
1 30:10.0 
2 272:10.0 
2 273:10.0 
2 
1 274:10.0 
1 
0 
0 
0 
2 275:10.0 
2 
2 
2 261:10.0 276:10.0 
2 
2 277:10.0 80:10.0 
2 
0 
2 278:10.0 
1 279:10.0 
0 
2 
1 0:10.0 
2 
2 280:10.0 
0 
0 81:10.0 
2 
1 
2 
1 
0 
1 
1 281:10.0 
2 282:10.0 
0 283:10.0 
2 284:10.0 1:10.0 
2 14:10.0 
2 48:10.0 
0 
2 285:10.0 
2 286:10.0 
1 287:10.0 
2 132:10.0 288:10.0 
0 
2 289:10.0 250:10.0 
2 
1 
1 
0 
0 
2 
2 
0 290:10.0 
0 
1 
0 
0 291:10.0 
0 292:10.0 
2 293:10.0 
0 
2 30:10.0 
2 
1 294:10.0 
2 295:10.0 
2 
0 
1 3:10.0 
1 296:10.0 
2 
1 
1 
2 
2 
0 297:10.0 
2 
2 
1 298:10.0 
2 299:10.0 
0 
0 
0 34:10.0 265:10.0 
0 91:10.0 
2 
0 300:10.0 
1 
0 
0 
0 
0 301:10.0 
2 
0 
0 302:10.0 
2 50:10.0 
1 303:10.0 
0 
0 
1 
2 304:10.0 
2 305:10.0 
1 80:10.0 
2 
2 
2 
2 
2 306:10.0 
0 
1 
0 
1 
2 
0 
1 
0 
2 
0 
1 307:10.0 
1 
0 
2 308:10.0 
2 90:10.0 
0 309:10.0 
1 310:10.0 
0 
0 25:10.0 
1 
0 
2 
0 311:10.0 
2 312:10.0 9:10.0 
2 
1 
2 
0 
0 313:10.0 
2 314:10.0 
2 315:10.0 316:10.0 
2 
0 
0 317:10.0 
2 
2 
2 
0 319:10.0 318:10.0 
2 
2 162:10.0 
2 
2 
0 
0 
1 
0 
0 320:10.0 
2 
2 
2 
0 321:10.0 
1 
1 
1 322:10.0 
2 
2 90:10.0 
2 
2 30:10.0 
1 323:10.0 
0 
1 
0 324:10.0 
1 
1 81:10.0 
0 325:10.0 
0 
1 
0 
2 
0 
2 326:10.0 327:10.0 
0 
1 
2 328:10.0 
2 
0 
2 
1 
1 
1 
1 
1 
1 
1 
2 
0 
2 
2 329:10.0 
2 
2 
2 330:10.0 2:10.0 
1 40:10.0 
2 
2 
0 91:10.0 
0 
0 331:10.0 
0 0:10.0 
2 332:10.0 333:10.0 
0 
0 
0 
0 
1 
2 
0 
2 
2 
0 
2 
0 
2 
2 334:10.0 
0 
0 
0 335:10.0 
1 
2 25:10.0 
2 
2 
1 
1 
2 336:10.0 
2 
1 337:10.0 
2 
1 
0 
0 30:10.0 
0 
2 338:10.0 
1 339:10.0 
2 
0 
2 
0 
2 340:10.0 
2 
0 
0 
0 
0 
0 
1 
1 
0 50:10.0 
2 
1 
2 341:10.0 
2 210:10.0 50:10.0 
2 265:10.0 
2 
2 
0 342:10.0 
0 
1 343:10.0 
2 344:10.0 
2 30:10.0 
0 
2 
2 
1 345:10.0 
0 
1 
0 
2 346:10.0 
1 
2 0:10.0 
1 
0 239:10.0 
0 
2 
0 
0 
2 
0 
2 
0 347:10.0 
2 291:10.0 
2 
2 
2 
2 348:10.0 
1 
2 9:10.0 
0 
2 326:10.0 
0 
0 
0 0:10.0 
1 
0 
2 
0 
2 
2 349:10.0 
0 350:10.0 
0 
0 
1 
1 352:10.0 351:10.0 
2 25:10.0 353:10.0 
0 
2 0:10.0 14:10.0 
2 80:10.0 354:10.0 
2 355:10.0 356:10.0 
1 
2 
2 163:10.0 
2 
1 
2 23:10.0 
0 
0 
0 
1 357:10.0 
1 358:10.0 
2 
0 359:10.0 
1 305:10.0 
2 
1 360:10.0 
1 
2 
1 
2 
1 361:10.0 362:10.0 
1 
2 
0 237:10.0 
0 
1 74:10.0 
2 363:10.0 
2 
0 
1 74:10.0 
1 364:10.0 
0 
0 179:10.0 
2 
1 
2 365:10.0 
0 
0 366:10.0 
0 367:10.0 
0 
0 22:10.0 
2 368:10.0 369:10.0 
0 217:10.0 
0 
2 163:10.0 
0 
1 
2 370:10.0 
0 
0 12:10.0 
2 
1 371:10.0 
2 31:10.0 113:10.0 
2 
1 265:10.0 
0 
2 372:10.0 
2 
1 
2 9:10.0 
2 
2 373:10.0 
1 
0 374:10.0 
1 
2 
2 375:10.0 
1 
0 
2 376:10.0 
0 377:10.0 
2 
0 378:10.0 
0 
2 
2 165:10.0 
2 
0 379:10.0 
1 380:10.0 
2 
2 
0 
0 
2 
2 
0 
0 
0 
0 
0 
0 
2 381:10.0 
1 
0 
0 382:10.0 
2 
1 
2 
0 
0 
0 22:10.0 
2 
2 383:10.0 
0 
1 
1 
2 384:10.0 
2 
2 
0 239:10.0 
0 1:10.0 
0 
0 
2 385:10.0 
2 386:10.0 
0 387:10.0 
2 388:10.0 
1 208:10.0 
0 389:10.0 
0 77:10.0 
0 
2 
1 
1 390:10.0 
2 391:10.0 
1 392:10.0 
2 
2 31:10.0 
1 
0 9:10.0 91:10.0 
2 
1 393:10.0 
0 
2 
2 
2 14:10.0 
2 
1 394:10.0 
2 
2 0:10.0 
0 395:10.0 396:10.0 
0 
0 91:10.0 
2 
2 
0 
0 
1 
2 397:10.0 
0 
2 
2 239:10.0 
0 
0 
2 
0 
2 398:10.0 
1 
2 399:10.0 
1 326:10.0 
2 
0 
0 
2 
2 
0 
2 400:10.0 
0 
2 204:10.0 
1 401:10.0 
2 
2 1:10.0 
2 
0 14:10.0 
0 
1 0:10.0 
0 
2 
0 
1 
0 
0 
1 
2 
1 402:10.0 
1 
2 403:10.0 
2 5:10.0 
2 
2 
0 
1 
2 
1 
1 404:10.0 
2 
0 187:10.0 
2 22:10.0 
2 
2 405:10.0 
2 406:10.0 
0 
0 34:10.0 77:10.0 
0 407:10.0 
2 
0 
0 
2 408:10.0 
2 
2 
1 
1 
2 
2 
2 409:10.0 
2 
1 63:10.0 
2 
0 
2 
2 
0 410:10.0 
0 
2 14:10.0 411:10.0 
2 412:10.0 
0 
1 210:10.0 
2 
2 413:10.0 
0 
0 414:10.0 
0 
0 
1 134:10.0 
1 415:10.0 
2 
1 416:10.0 
0 
0 
2 
0 
0 326:10.0 
2 80:10.0 
2 
0 
0 417:10.0 
2 12:10.0 
1 10:10.0 
0 
0 
0 
1 418:10.0 
2 
1 
0 
2 
0 419:10.0 
0 419:10.0 
2 1:10.0 
2 
0 
0 420:10.0 
0 0:10.0 
0 
2 
0 421:10.0 
2 
0 
0 
2 
2 
2 
0 
2 
2 
1 422:10.0 
1 30:10.0 
0 331:10.0 
0 
0 
2 
1 0:10.0 
0 
0 0:10.0 
2 
2 
0 
2 
0 
0 
2 
1 
0 
0 
1 
2 
2 
0 0:10.0 
2 
0 
2 
0 
2 
1 
0 423:10.0 
0 
1 
2 
0 424:10.0 
0 
1 
0 
0 
0 
0 425:10.0 
2 30:10.0 
2 
0 426:10.0 
0 
2 
2 30:10.0 
0 1:10.0 
2 427:10.0 
2 0:10.0 
2 
0 
2 
0 428:10.0 
0 428:10.0 
0 
0 429:10.0 
0 430:10.0 
1 
1 
1 431:10.0 
2 
1 
1 432:10.0 
0 
1 
0 245:10.0 433:10.0 
0 
1 
0 
2 
2 
0 434:10.0 
2 132:10.0 25:10.0 
2 
0 
0 
1 
0 
2 
2 
0 
2 435:10.0 
2 
2 436:10.0 
2 
1 0:10.0 91:10.0 
1 304:10.0 
2 
2 437:10.0 438:10.0 
1 
0 
0 
2 439:10.0 
0 0:10.0 
0 440:10.0 
0 441:10.0 
0 12:10.0 
2 442:10.0 
2 
0 
2 
2 10:10.0 
0 443:10.0 
2 
2 
2 
2 444:10.0 
2 
0 331:10.0 
1 74:10.0 
2 
2 445:10.0 446:10.0 
0 447:10.0 
0 
1 
0 448:10.0 
1 
0 
2 
0 
0 449:10.0 
2 10:10.0 
2 
0 450:10.0 
2 
1 
2 
0 
1 150:10.0 
1 
0 30:10.0 
0 
0 34:10.0 
0 
2 
1 
1 
2 
0 451:10.0 22:10.0 
0 451:10.0 22:10.0 
2 
0 
1 
2 452:10.0 
0 
2 
0 306:10.0 
0 453:10.0 
1 
2 0:10.0 
0 454:10.0 
2 
0 
2 
2 
2 
0 63:10.0 30:10.0 
0 
0 455:10.0 
0 373:10.0 
2 
0 12:10.0 
0 456:10.0 
2 
1 
2 
0 
1 457:10.0 
0 458:10.0 
0 458:10.0 
1 
2 
0 
0 459:10.0 
2 
0 0:10.0 
2 
0 460:10.0 
0 
2 
0 461:10.0 
0 
0 
0 287:10.0 
0 462:10.0 
0 462:10.0 
2 463:10.0 
2 
2 
2 
0 
0 464:10.0 273:10.0 
0 464:10.0 273:10.0 
0 
2 465:10.0 
0 99:10.0 
0 50:10.0 
0 
0 466:10.0 
0 34:10.0 
0 
0 
0 
0 
1 
0 
1 
2 
2 
0 273:10.0 
0 
2 378:10.0 
0 
0 
2 285:10.0 
1 
0 
0 
2 
0 
0 
1 
0 
0 
1 
0 
2 
2 
0 467:10.0 
2 
0 136:10.0 
0 
0 91:10.0 
0 
2 468:10.0 
1 
1 254:10.0 469:10.0 
0 
2 12:10.0 
0 34:10.0 
1 470:10.0 471:10.0 
2 9:10.0 
2 30:10.0 
2 472:10.0 
0 
0 
2 30:10.0 
2 473:10.0 
1 
2 
0 12:10.0 
1 
2 
2 
2 
0 132:10.0 
0 
0 
2 
2 
2 
1 
0 475:10.0 474:10.0 
2 0:10.0 
2 
2 12:10.0 
0 
0 
2 476:10.0 
2 477:10.0 
0 0:10.0 
0 
2 5:10.0 
0 
1 
1 
0 
1 1:10.0 
2 34:10.0 12:10.0 
0 
1 
2 
0 
0 168:10.0 
2 
1 
2 
2 
2 
0 187:10.0 
2 0:10.0 
2 
0 99:10.0 
1 
0 
2 
2 
0 478:10.0 
1 479:10.0 
2 270:10.0 
0 480:10.0 
2 
2 481:10.0 
1 
1 
0 482:10.0 
0 
2 483:10.0 99:10.0 
2 
1 484:10.0 
2 
0 
2 486:10.0 485:10.0 
2 487:10.0 
2 
0 0:10.0 
2 
0 139:10.0 
2 
2 488:10.0 
0 
2 
0 489:10.0 
0 
0 99:10.0 
2 
0 
2 
0 490:10.0 
2 
0 491:10.0 
1 
2 
1 
1 
2 168:10.0 
2 
1 492:10.0 
0 
0 261:10.0 
0 
0 
2 493:10.0 
0 
2 
0 
0 494:10.0 
2 
2 12:10.0 
2 
2 10:10.0 
0 495:10.0 
0 
0 
0 496:10.0 
2 
2 497:10.0 498:10.0 
2 
2 
0 
0 
2 
1 
1 5:10.0 
1 
0 
2 
2 
2 
2 
0 
0 
0 
0 
0 499:10.0 
0 499:10.0 
2 500:10.0 
0 
2 
2 
2 
2 438:10.0 
2 34:10.0 
2 
2 
0 
1 
1 
2 
0 
0 
0 
2 77:10.0 8:10.0 
2 
2 
2 
0 
2 
1 
0 1:10.0 
0 
0 
2 501:10.0 
0 502:10.0 
2 
2 423:10.0 
2 0:10.0 503:10.0 
0 63:10.0 
2 504:10.0 
2 
0 
1 
0 
0 
2 505:10.0 
0 
0 
2 
0 
2 187:10.0 
2 506:10.0 
0 
1 
0 
2 0:10.0 507:10.0 
2 132:10.0 
2 
0 
1 
2 50:10.0 
2 508:10.0 509:10.0 
2 510:10.0 
2 
0 511:10.0 
2 512:10.0 
1 
0 
2 
1 
0 
2 
1 513:10.0 
0 
1 
1 
2 
0 
0 
2 
0 2:10.0 
0 2:10.0 
0 
1 
2 
0 
2 
2 
0 
0 
2 9:10.0 
2 
0 
2 
0 80:10.0 
0 80:10.0 
0 
1 
2 
2 
2 
1 514:10.0 
2 
2 
2 516:10.0 515:10.0 
0 
2 
0 
2 
0 
1 
0 517:10.0 
2 
2 373:10.0 
2 
2 287:10.0 518:10.0 
0 
1 
2 
0 519:10.0 
0 
0 
0 
2 
0 
2 
0 
0 
0 
0 
0 
0 50:10.0 
0 
0 
1 
0 225:10.0 
0 
0 326:10.0 
1 
2 
2 347:10.0 
1 
2 
2 
1 
2 
1 
2 
0 
0 520:10.0 
0 
0 
1 
2 
0 99:10.0 1:10.0 
0 
0 
2 521:10.0 25:10.0 74:10.0 
0 
0 
2 
1 
0 
2 
2 
0 
0 522:10.0 
0 
2 
2 
2 
0 
0 523:10.0 
2 
0 
0 
1 524:10.0 
0 525:10.0 
2 162:10.0 
2 
0 99:10.0 
0 
0 
0 
0 
2 
0 
1 526:10.0 
1 
1 
0 0:10.0 1:10.0 
1 
0 0:10.0 
0 
1 0:10.0 
0 40:10.0 527:10.0 
2 
0 
0 528:10.0 
2 1:10.0 
1 529:10.0 
2 530:10.0 
1 531:10.0 
0 
2 
1 
1 
0 
0 0:10.0 
0 
0 
1 304:10.0 
0 
2 
2 270:10.0 
2 
0 
2 532:10.0 
0 0:10.0 
2 
0 533:10.0 
0 534:10.0 
0 
0 
2 515:10.0 
0 
2 2:10.0 
2 
0 
0 
1 
1 232:10.0 
0 535:10.0 
2 
0 
0 163:10.0 
0 
0 
0 
2 
2 
2 
2 
2 
1 495:10.0 
1 
1 
0 
0 
0 
0 536:10.0 
0 
0 
0 
0 537:10.0 
0 537:10.0 
0 
1 
2 40:10.0 
0 
0 
2 538:10.0 
0 
0 
2 50:10.0 84:10.0 
0 
1 
2 539:10.0 
1 
0 540:10.0 
0 
0 
2 25:10.0 
2 
2 
2 0:10.0 
0 
0 
0 
1 
1 
0 
1 
0 31:10.0 
2 541:10.0 
2 
2 179:10.0 
2 
2 
1 
1 
0 
2 12:10.0 
0 0:10.0 
0 
0 
0 
1 
2 
2 
2 
0 
0 
1 
0 113:10.0 
0 
1 
2 58:10.0 
1 542:10.0 543:10.0 
0 544:10.0 
0 546:10.0 545:10.0 
0 
2 162:10.0 
0 547:10.0 548:10.0 
1 
2 549:10.0 
2 
2 550:10.0 
2 
0 
2 
2 
2 
2 
2 
2 2:10.0 
0 
0 
1 
2 
2 551:10.0 
0 
0 
0 306:10.0 1:10.0 
0 
0 
0 
0 
2 
0 
1 
0 552:10.0 
2 
0 553:10.0 
2 
2 33:10.0 554:10.0 
2 25:10.0 
2 
2 304:10.0 
2 
2 
2 34:10.0 
0 
0 
2 555:10.0 556:10.0 
2 
0 557:10.0 
1 558:10.0 
2 12:10.0 401:10.0 
0 559:10.0 
0 10:10.0 
2 
0 560:10.0 
0 
0 
1 
2 
1 
0 
2 
1 
2 
2 118:10.0 
0 561:10.0 
0 
2 
0 562:10.0 
2 563:10.0 
0 
0 564:10.0 
2 
0 
0 
0 
2 565:10.0 258:10.0 
0 
0 566:10.0 
0 
0 
0 
2 567:10.0 
1 
0 
0 
0 163:10.0 
2 
2 
0 
0 
1 568:10.0 
1 
2 
0 
2 
1 569:10.0 
1 0:10.0 
0 
1 
0 163:10.0 
0 
0 
0 
0 
0 
0 
2 45:10.0 
1 
1 
0 1:10.0 
0 570:10.0 
0 
0 12:10.0 
2 571:10.0 30:10.0 
1 
2 
0 
2 572:10.0 
0 
0 22:10.0 
1 
2 288:10.0 
0 
0 
0 573:10.0 
1 574:10.0 575:10.0 
1 
1 
2 5:10.0 
2 
0 285:10.0 576:10.0 
0 
2 12:10.0 
0 
0 
1 
0 
0 577:10.0 
2 
0 
1 
1 
2 
2 25:10.0 
1 
2 
2 
2 578:10.0 
2 50:10.0 
1 
0 
2 
0 577:10.0 
2 
0 
2 
0 
2 30:10.0 
0 579:10.0 
1 
2 
2 
0 580:10.0 
2 581:10.0 
1 
0 
1 
0 
2 
0 582:10.0 
2 583:10.0 
0 
0 
1 
0 
1 0:10.0 
2 120:10.0 
0 
0 
0 584:10.0 
0 
0 585:10.0 
0 218:10.0 
2 586:10.0 
1 587:10.0 
0 
2 588:10.0 
2 590:10.0 589:10.0 
0 
0 
1 
2 
2 
2 
0 
2 
0 
2 
0 591:10.0 
1 
0 
2 
2 592:10.0 
2 
2 
2 108:10.0 
0 593:10.0 
1 
2 594:10.0 
2 30:10.0 
0 396:10.0 
0 
0 595:10.0 
2 
2 596:10.0 
0 
0 
1 597:10.0 
2 
0 598:10.0 
0 599:10.0 
2 
2 601:10.0 600:10.0 
0 
0 406:10.0 
2 
0 25:10.0 
2 
2 505:10.0 
0 
0 
1 
2 
0 
1 
2 153:10.0 
0 
2 229:10.0 8:10.0 
0 
2 99:10.0 
2 45:10.0 
0 
1 602:10.0 
2 603:10.0 
2 
2 
2 
2 
2 604:10.0 
0 
0 
0 
0 
2 172:10.0 
1 
0 605:10.0 25:10.0 
2 
1 
1 
2 
2 606:10.0 607:10.0 
2 
2 
2 
1 608:10.0 
0 
1 
0 
1 
0 
2 
2 
0 0:10.0 
2 
2 145:10.0 609:10.0 
2 
2 610:10.0 
0 
2 
2 
1 
1 10:10.0 
2 
2 
2 163:10.0 
1 
2 
2 40:10.0 
0 611:10.0 
2 
1 
0 612:10.0 
0 
0 
0 
0 
0 80:10.0 
2 10:10.0 279:10.0 
1 
0 
0 
0 
2 613:10.0 614:10.0 
0 
2 
1 
0 
0 
0 615:10.0 616:10.0 
2 617:10.0 
0 
1 
2 618:10.0 
0 
2 619:10.0 
2 
0 620:10.0 
0 620:10.0 
0 621:10.0 
2 499:10.0 
0 
0 2:10.0 
2 
0 
0 622:10.0 
0 
2 74:10.0 
2 
2 9:10.0 
0 
2 623:10.0 
2 
1 624:10.0 
0 84:10.0 
0 
0 
0 
2 326:10.0 
2 50:10.0 
2 
1 
2 625:10.0 
0 626:10.0 
0 
0 627:10.0 
2 629:10.0 630:10.0 628:10.0 
1 
0 521:10.0 
2 
2 631:10.0 
0 
2 632:10.0 
0 
0 
0 80:10.0 
1 
2 
0 633:10.0 
2 634:10.0 
0 
0 
2 
0 80:10.0 
2 
1 
2 
1 381:10.0 
2 635:10.0 
0 
2 
2 
0 
1 
2 
2 74:10.0 
0 480:10.0 
2 
2 
0 
2 
0 
1 
0 
2 
2 10:10.0 
0 636:10.0 
1 
2 
0 
0 
2 
2 
2 
0 637:10.0 
0 637:10.0 
1 
1 
0 0:10.0 
2 
0 0:10.0 
0 
1 0:10.0 
2 168:10.0 
2 638:10.0 
2 
2 
0 74:10.0 
0 74:10.0 
2 639:10.0 
0 640:10.0 
2 74:10.0 
1 641:10.0 
0 
0 
0 
2 
2 
2 163:10.0 
2 642:10.0 
2 643:10.0 
0 0:10.0 
1 644:10.0 
2 
0 
1 
1 
0 
2 
1 
1 645:10.0 
2 646:10.0 
0 
1 
1 
0 
0 
1 
0 
2 647:10.0 
2 
0 
0 
2 194:10.0 
0 1:10.0 
0 648:10.0 84:10.0 
1 
0 
2 291:10.0 
0 
0 
1 649:10.0 622:10.0 
0 650:10.0 
0 324:10.0 
0 
2 
0 
2 
1 
2 651:10.0 
2 652:10.0 
0 99:10.0 
2 137:10.0 653:10.0 
0 
2 40:10.0 
2 
1 
2 619:10.0 654:10.0 
0 
0 
0 0:10.0 
0 0:10.0 
2 0:10.0 
0 655:10.0 
2 656:10.0 
1 
1 
0 657:10.0 
0 
0 
1 
1 658:10.0 
0 659:10.0 
2 
2 
2 660:10.0 
2 619:10.0 
2 661:10.0 
2 662:10.0 391:10.0 
0 
1 663:10.0 
1 
0 
2 
2 
0 664:10.0 
1 578:10.0 
1 665:10.0 
0 
0 
2 666:10.0 
2 
0 
1 
0 0:10.0 
0 
1 
0 
2 
0 
2 
2 
2 
2 139:10.0 
0 
0 
1 2:10.0 
0 
2 0:10.0 
2 
2 
0 
1 
1 667:10.0 
0 2:10.0 
2 
0 
2 
2 
2 668:10.0 
2 
2 669:10.0 
2 
0 
2 14:10.0 
2 
2 
0 
2 395:10.0 
0 
0 
2 
2 270:10.0 
0 505:10.0 
2 
0 670:10.0 
2 671:10.0 
2 
2 31:10.0 634:10.0 
0 99:10.0 
2 
0 43:10.0 
2 
0 
2 672:10.0 
0 172:10.0 
2 
0 
0 250:10.0 
0 
2 163:10.0 673:10.0 
2 
2 145:10.0 
1 
2 674:10.0 
0 
0 
0 675:10.0 
0 675:10.0 
1 
0 
0 
2 
2 
2 
2 
1 
0 
0 
0 
2 
1 
2 
2 601:10.0 
0 
0 
2 
0 676:10.0 
2 
2 
2 
0 677:10.0 
2 678:10.0 679:10.0 
2 680:10.0 
0 
2 
2 
2 
2 
1 
2 681:10.0 
2 
0 
0 
0 
0 
2 
2 682:10.0 
2 
2 683:10.0 
1 
2 33:10.0 
1 
1 
2 685:10.0 684:10.0 
0 
0 139:10.0 
2 
0 686:10.0 
0 688:10.0 687:10.0 
0 
0 
2 
0 
0 
2 
1 
2 
2 
0 689:10.0 
2 690:10.0 
2 691:10.0 
2 692:10.0 
1 693:10.0 
2 67:10.0 
2 40:10.0 
1 
0 
2 
2 168:10.0 
2 
2 
0 694:10.0 
2 695:10.0 
0 696:10.0 
0 696:10.0 
0 697:10.0 
0 698:10.0 699:10.0 
2 
0 
0 
1 
0 
0 
0 
1 
2 700:10.0 
2 
0 99:10.0 
2 
0 
2 
2 
0 46:10.0 
2 
2 
1 701:10.0 
2 84:10.0 
0 702:10.0 
2 703:10.0 
1 
2 
2 704:10.0 
0 
1 
0 
1 
1 
1 
1 
1 
1 
1 
0 705:10.0 
0 
2 
2 
2 706:10.0 
0 
2 707:10.0 
1 708:10.0 
2 709:10.0 168:10.0 
2 
2 
0 
2 
0 710:10.0 257:10.0 
0 
0 711:10.0 
2 262:10.0 
2 712:10.0 
2 713:10.0 
0 
2 
0 
0 139:10.0 
0 
0 
0 
0 
0 
0 31:10.0 
2 
2 
0 
2 
0 539:10.0 
1 714:10.0 
0 331:10.0 
2 
1 
2 628:10.0 
0 715:10.0 
0 
0 
2 536:10.0 
1 
1 
0 716:10.0 
1 
0 716:10.0 
0 
1 
2 
1 
2 
0 
2 
2 
2 717:10.0 
2 
2 
0 
2 
2 718:10.0 
0 719:10.0 
2 
0 
0 
0 
1 
0 
2 99:10.0 
2 163:10.0 
2 720:10.0 
0 721:10.0 
2 
0 621:10.0 
0 621:10.0 
0 722:10.0 
2 305:10.0 
2 723:10.0 
2 724:10.0 
2 
0 
0 
2 
0 725:10.0 
2 
2 163:10.0 293:10.0 
1 
2 726:10.0 
1 
1 
1 168:10.0 
0 727:10.0 
0 
0 
2 
0 728:10.0 
2 729:10.0 
2 63:10.0 
2 
1 
0 
1 
1 
2 730:10.0 
0 
0 622:10.0 
2 
1 
1 552:10.0 
2 
1 
0 
0 
0 731:10.0 
1 
0 650:10.0 
0 650:10.0 
2 
2 10:10.0 
0 732:10.0 
1 2:10.0 
2 
0 733:10.0 
1 
1 
0 8:10.0 
0 8:10.0 
2 
0 
0 
0 734:10.0 
0 
0 
2 
1 735:10.0 
1 
2 
2 
2 736:10.0 
2 84:10.0 
2 
0 737:10.0 
0 737:10.0 
0 120:10.0 
0 738:10.0 
0 738:10.0 
0 
1 
2 80:10.0 
0 
0 193:10.0 
2 
2 5:10.0 
1 739:10.0 
2 740:10.0 
1 
0 
2 1:10.0 
1 
2 
1 
1 741:10.0 
2 
2 
2 742:10.0 
2 
1 743:10.0 
1 744:10.0 
1 
1 
1 
0 
1 
1 
1 
1 
0 745:10.0 
0 746:10.0 
0 746:10.0 
0 747:10.0 
2 
1 
0 
1 300:10.0 687:10.0 
0 748:10.0 
0 
0 749:10.0 
2 
1 
2 750:10.0 
2 751:10.0 
1 
2 
0 
0 
2 
0 163:10.0 752:10.0 
0 
0 753:10.0 
0 
1 
2 
1 99:10.0 
2 754:10.0 
1 
0 
2 755:10.0 
1 
1 
2 
2 756:10.0 
1 
0 
2 
0 757:10.0 
0 
2 8:10.0 430:10.0 
2 758:10.0 
0 
1 
2 
0 
2 
2 759:10.0 
0 
0 
2 132:10.0 
2 760:10.0 
0 
2 761:10.0 
0 762:10.0 
0 
2 479:10.0 
2 613:10.0 
2 
2 
2 
2 
0 
0 
0 
2 12:10.0 
1 
0 
2 763:10.0 
2 
0 764:10.0 
0 
0 
0 671:10.0 765:10.0 
2 
2 
0 
0 
1 
0 
1 766:10.0 
0 767:10.0 
1 
0 
0 91:14.497850159947144 
2 
1 768:10.0 
1 
0 
0 
0 769:10.0 
2 
1 
2 
0 
0 
2 0:10.0 770:10.0 
2 
1 
1 
0 
2 
0 
0 772:10.0 771:10.0 
1 
2 773:10.0 700:10.0 
0 
1 
1 774:10.0 
1 
2 775:10.0 
2 
2 
2 
0 
0 776:10.0 
0 612:10.0 
2 
0 
2 
0 777:10.0 
2 
2 
0 
0 778:10.0 
0 
0 779:10.0 
0 
2 
2 326:10.0 
1 
2 
0 80:10.0 780:10.0 
2 
2 
2 
2 781:10.0 
2 
2 782:10.0 
0 
0 
1 
0 
2 
0 
2 
0 
0 
0 
0 783:10.0 
0 784:10.0 
2 229:10.0 785:10.0 
2 25:10.0 
2 786:10.0 
0 
2 
1 0:10.0 
2 
0 0:10.0 787:10.0 
2 788:10.0 74:10.0 
2 
1 5:10.0 
2 789:10.0 790:10.0 
2 
0 
0 791:10.0 
0 
2 
2 
0 
2 
2 792:10.0 
1 
0 0:10.0 
2 
0 
0 
1 80:10.0 
2 
0 
0 74:10.0 
2 
1 
2 521:10.0 
0 
2 
2 
2 
2 
0 
2 793:10.0 
0 
0 794:10.0 
0 
1 
0 
1 
2 
2 795:10.0 
1 
2 796:10.0 
0 
1 333:10.0 
1 
2 
2 
0 
0 
0 797:10.0 
2 799:10.0 798:10.0 
2 
1 
1 
0 800:10.0 
0 
0 801:10.0 
2 613:10.0 
2 
1 
0 
0 
0 
1 
0 802:10.0 
0 
2 
1 
2 
2 803:10.0 
2 
2 
2 
1 
1 179:10.0 
2 
2 
1 
2 0:10.0 
0 804:10.0 
1 805:10.0 
0 
0 806:10.0 
0 808:10.0 807:10.0 
0 
0 
2 809:10.0 
2 
2 
2 
2 
2 
2 
2 
2 
2 
2 
2 
2 
2 
2 
2 
2 
2 
2 
2 
2 
2 
2 
2 
2 
2 
2 810:10.0 
2 180:10.0 
2 
2 
0 
0 
0 
2 812:10.0 811:10.0 
0 490:10.0 813:10.0 
0 
2 
0 
0 68:10.0 814:10.0 
1 
0 815:10.0 
0 815:10.0 
2 
0 
0 
2 
0 
0 
2 
2 
1 
1 803:10.0 
1 816:10.0 
0 
0 817:10.0 
2 
2 12:10.0 
2 
0 818:10.0 
0 818:10.0 
0 
0 
2 819:10.0 
0 
2 
2 
2 
0 80:10.0 
0 
0 
2 
2 
0 
0 
2 
2 820:10.0 
2 
2 
1 
1 821:10.0 
2 822:10.0 
1 239:10.0 
2 
0 
0 
2 139:10.0 
2 
1 
2 824:10.0 823:10.0 
2 
2 
2 
1 
0 
1 
1 825:10.0 
0 826:10.0 
2 
0 827:10.0 
1 
2 
0 
0 
1 828:10.0 
2 
1 
2 660:10.0 829:10.0 
0 830:10.0 
0 
0 
0 
1 
0 
1 
2 
2 14:10.0 
2 
2 
2 832:10.0 831:10.0 
2 
2 
0 
2 
2 833:10.0 
0 80:10.0 
2 
0 
2 
2 
2 834:10.0 
2 
2 185:10.0 
0 
2 
0 835:10.0 
1 
2 
0 
0 
0 
0 
2 74:10.0 
0 836:10.0 
2 288:10.0 
2 73:10.0 30:10.0 
2 638:10.0 
2 837:10.0 
0 838:10.0 
0 
0 
0 839:10.0 
1 
2 
2 
2 283:10.0 
2 
2 
0 10:10.0 
2 840:10.0 841:10.0 
0 199:10.0 
2 225:10.0 
0 
0 163:10.0 
0 366:10.0 798:10.0 
2 
2 
0 2:10.0 
0 2:10.0 
2 842:10.0 
0 8:10.0 
2 843:10.0 
1 
0 844:10.0 
0 
0 845:10.0 
1 
0 
0 
1 846:10.0 
2 
2 
1 
2 
2 
2 
1 847:10.0 
0 
2 848:10.0 
2 
1 
0 849:10.0 
2 850:10.0 
0 851:10.0 
2 
2 31:10.0 
2 
0 73:10.0 
1 
1 852:10.0 
2 
0 
1 853:10.0 
2 
0 0:10.0 
0 
2 
1 661:10.0 
2 854:10.0 
2 
0 
2 
2 
2 634:10.0 
0 855:10.0 
2 856:10.0 
1 
0 
0 
2 
2 
1 
1 
2 
2 
0 858:10.0 857:10.0 
1 
2 
2 9:10.0 365:10.0 
1 
2 
0 859:10.0 860:10.0 
2 861:10.0 
2 862:10.0 
2 80:10.0 
1 863:10.0 
0 278:10.0 
2 864:10.0 
2 96:10.0 
2 
2 
1 865:10.0 
1 
1 
0 867:10.0 
1 
1 
1 
2 
0 
2 
1 
1 
0 868:10.0 
0 868:10.0 
0 99:10.0 
2 
2 
1 
0 
0 
0 869:10.0 
1 871:10.0 870:10.0 
0 
1 872:10.0 
0 
2 873:10.0 
0 547:10.0 
0 
0 
1 874:10.0 875:10.0 
0 
2 876:10.0 
1 
2 
1 
2 
2 
2 
1 
1 
2 
1 
0 265:10.0 
2 
1 495:10.0 
1 
1 
2 
2 
1 877:10.0 
0 
1 
0 
0 878:10.0 25:10.0 
1 
2 
1 879:10.0 
1 
2 740:10.0 
2 880:10.0 
1 
2 881:10.0 
2 
0 
1 
2 
0 
2 
2 
2 53:10.0 
2 
1 253:10.0 
1 
2 
0 
0 280:10.0 
1 
1 
0 533:10.0 
0 
2 857:10.0 
0 
2 
0 
0 
2 
1 
0 
0 
1 882:10.0 
1 
0 
1 
0 99:10.0 
2 
1 883:10.0 
2 884:10.0 
2 
0 885:10.0 
2 
0 886:10.0 
1 
0 0:10.0 
0 479:10.0 84:10.0 
0 
2 
2 
1 
0 887:10.0 
0 
1 888:10.0 
1 229:10.0 
0 
2 
1 
1 
2 890:10.0 889:10.0 
2 
1 891:10.0 
2 
0 
1 139:10.0 892:10.0 
2 
1 893:10.0 
0 
1 894:10.0 
1 
1 
0 
0 895:10.0 
2 25:10.0 
2 896:10.0 
2 
1 897:10.0 
0 
2 898:10.0 
2 
0 
0 
0 
2 326:10.0 
0 
2 
1 
2 
1 899:10.0 
0 
2 
1 365:10.0 
2 0:10.0 
0 
0 
0 900:10.0 
0 901:10.0 
0 
0 
2 0:10.0 
0 
2 653:10.0 
2 
2 
2 
2 
2 1:10.0 
2 
2 
0 902:10.0 
2 903:10.0 
2 
2 904:10.0 
0 905:10.0 
2 
1 
2 
1 278:10.0 
1 
1 74:10.0 
2 906:10.0 
0 
0 
2 
0 907:10.0 
1 
1 908:10.0 
2 909:10.0 
0 
2 
2 
2 910:10.0 
2 911:10.0 
1 
0 
2 
2 
2 547:10.0 
0 708:10.0 
1 
0 
2 
2 
0 912:10.0 
1 
0 
0 
0 
2 
1 
2 913:10.0 
2 692:10.0 
2 
0 
1 914:10.0 
2 
0 915:10.0 
2 
2 916:10.0 
2 
2 
1 
2 
2 
2 689:10.0 
0 692:10.0 
0 692:10.0 
0 917:10.0 
0 
2 
2 
0 918:10.0 
0 
1 
2 
2 919:10.0 
0 918:10.0 
0 918:10.0 
1 920:10.0 
0 
0 
0 199:10.0 
0 
2 
2 
2 40:10.0 
2 921:10.0 
2 
2 80:10.0 
2 
0 
2 
2 
2 
0 
2 922:10.0 
2 
2 923:10.0 
2 
0 
2 924:10.0 
2 
0 
1 925:10.0 
0 
2 641:10.0 
0 
0 
2 
0 
2 690:10.0 
2 927:10.0 926:10.0 
2 
0 
1 928:10.0 
2 
2 929:10.0 
2 
2 25:10.0 
1 
2 
2 
1 
1 
0 
0 930:10.0 
0 
2 931:10.0 
0 
2 932:10.0 
0 
0 933:10.0 
2 
2 
2 
1 934:10.0 
1 935:10.0 
2 
2 
0 147:10.0 63:10.0 
0 
2 
1 
0 
2 936:10.0 
2 
2 
2 
2 
2 
0 937:10.0 938:10.0 
1 939:10.0 
0 
0 
0 
0 
1 940:10.0 
0 
2 692:10.0 
0 
0 0:10.0 
2 
2 
0 
2 
2 941:10.0 
2 
1 
1 943:10.0 942:10.0 
1 
0 104:10.0 
2 944:10.0 
1 
1 638:10.0 
2 
2 945:10.0 
1 
0 
2 229:10.0 946:10.0 
1 
0 80:10.0 
2 947:10.0 
2 948:10.0 
0 
0 
0 
0 
0 949:10.0 
0 
0 
2 
1 
1 
0 0:10.0 
2 
0 
0 950:10.0 
0 950:10.0 
0 950:10.0 
1 
2 
2 
0 951:10.0 
0 
2 
2 952:10.0 
0 953:10.0 438:10.0 
0 653:10.0 
0 653:10.0 
0 430:10.0 
1 
2 
0 
0 566:10.0 
2 718:10.0 
2 954:10.0 
1 
0 
2 955:10.0 
2 956:10.0 
0 
0 
0 
2 957:10.0 
0 958:10.0 
0 
2 
1 
1 959:10.0 
1 960:10.0 
2 479:10.0 
2 
0 412:10.0 
2 
2 
2 961:10.0 
2 961:10.0 
2 961:10.0 
2 961:10.0 
2 961:10.0 
2 961:10.0 
2 961:10.0 
2 961:10.0 
2 961:10.0 
2 961:10.0 
2 961:10.0 
2 961:10.0 
2 961:10.0 
2 961:10.0 
2 961:10.0 
2 961:10.0 
2 961:10.0 
2 961:10.0 
2 961:10.0 
2 961:10.0 
2 961:10.0 
2 961:10.0 
2 961:10.0 
2 961:10.0 
0 
0 412:10.0 
0 412:10.0 
2 961:10.0 
1 962:10.0 
2 
0 
0 
0 
2 499:10.0 
2 964:10.0 963:10.0 
0 
2 
0 
1 
0 
2 63:10.0 
2 
2 0:10.0 
2 63:10.0 
0 965:10.0 
2 
0 
1 
2 884:10.0 
0 
2 
2 
0 
1 
1 
2 966:10.0 
2 
2 967:10.0 
0 661:10.0 
0 661:10.0 
2 
0 968:10.0 
2 25:10.0 
2 31:10.0 
2 969:10.0 
2 
2 970:10.0 25:10.0 
2 
2 
2 547:10.0 
2 
2 
0 971:10.0 601:10.0 
2 972:10.0 
2 
2 0:10.0 973:10.0 
2 974:10.0 
1 975:10.0 
2 
0 
0 656:10.0 
1 
1 
2 976:10.0 
0 
1 
2 333:10.0 
2 
1 
0 
0 977:10.0 
2 
2 
0 
2 
0 
0 
0 
0 
2 
0 
2 587:10.0 
0 
2 163:10.0 
0 
0 
0 978:10.0 
0 979:10.0 
0 979:10.0 
0 
2 
0 980:10.0 
0 981:10.0 
2 10:10.0 
1 0:10.0 
2 982:10.0 
0 
2 983:10.0 
1 984:10.0 
2 
0 985:10.0 
2 
2 
2 0:10.0 
2 
2 986:10.0 
0 987:10.0 
2 
0 
0 
0 
2 988:10.0 
2 954:10.0 
2 
2 
0 0:10.0 
0 
0 430:10.0 
0 
2 
1 
2 280:10.0 
2 
2 
0 
2 
0 
1 
0 
2 
2 
0 22:10.0 
1 
2 
1 
0 
0 989:10.0 25:10.0 
2 
2 
2 641:10.0 
2 
2 990:10.0 
0 
0 
2 
1 
1 
1 
0 
2 0:10.0 
2 991:10.0 
2 
2 
2 
2 
2 992:10.0 
0 
0 993:10.0 
0 994:10.0 
2 
0 
0 
1 
1 995:10.0 
0 0:10.0 
0 0:10.0 
0 921:10.0 
0 0:10.0 
0 
0 
0 
0 996:10.0 
1 
2 997:10.0 
0 
0 
0 
2 998:10.0 
1 
2 999:10.0 
2 1000:10.0 
0 1001:10.0 
1 
2 
2 
2 
2 
0 
0 
0 45:10.0 
1 
0 
0 
2 288:10.0 
2 
0 1002:10.0 
1 
0 1003:10.0 
2 
2 
0 810:10.0 
0 229:10.0 
2 
1 
0 
0 
2 
1 
1 0:10.0 
1 
2 9:10.0 
2 
2 
2 
1 168:10.0 
2 810:10.0 
2 1004:10.0 
2 459:10.0 
0 
2 80:10.0 
0 1005:10.0 868:10.0 
2 
2 
0 1006:10.0 
0 1006:10.0 
0 
2 
0 
2 859:10.0 353:10.0 
0 399:10.0 
1 
2 
0 
2 
2 
2 1007:10.0 
2 
1 1008:10.0 
0 1009:10.0 25:10.0 
2 
2 
0 1010:10.0 
2 
0 
0 
0 
1 
1 
0 
0 
1 
2 
0 
0 
2 123:10.0 
0 
0 
1 
0 2:10.0 
0 1011:10.0 
0 
2 
2 
2 692:10.0 
2 
2 1012:10.0 
1 
2 
2 
0 91:10.0 
1 
0 
2 
0 10:10.0 
0 10:10.0 
1 1013:10.0 
2 
2 
0 
0 
2 394:10.0 
2 
2 
0 
2 
2 
0 
0 
2 
1 1014:10.0 
0 
0 1015:10.0 
0 99:10.0 
2 
0 99:10.0 
0 1016:10.0 
0 2:10.0 
2 
2 596:10.0 
2 172:10.0 1017:10.0 
1 
2 
0 
2 
0 
2 1018:10.0 
1 
0 
2 1019:10.0 
1 689:10.0 
1 1020:10.0 
2 134:10.0 1021:10.0 
2 1022:10.0 
0 
2 1023:10.0 
2 
0 
2 
0 1024:10.0 
0 1025:10.0 
2 1027:10.0 1026:10.0 
1 
0 
1 
0 
2 
2 
1 
0 
0 
2 
0 
0 
2 
0 
2 
0 
0 
0 
2 1028:10.0 
2 331:10.0 
0 
2 
2 9:10.0 1029:10.0 
1 
2 
2 
2 
2 63:10.0 
2 1030:10.0 
0 667:10.0 
0 667:10.0 
0 667:10.0 
2 
2 81:10.0 
2 
2 
2 
0 
2 
2 0:10.0 
0 
0 
0 1031:10.0 
2 
0 1032:10.0 
0 10:10.0 
0 
2 194:10.0 
1 
2 557:10.0 
0 
1 
2 518:10.0 
0 1033:10.0 
0 
0 
0 
2 
2 
2 481:10.0 
2 1034:10.0 
0 0:10.0 22:10.0 
2 
0 1035:10.0 
0 
0 
2 1036:10.0 1037:10.0 
0 
0 1038:10.0 
2 
1 
0 
2 
0 
0 
0 
0 
0 
1 
0 
0 
0 
2 
2 
0 1039:10.0 394:10.0 
0 1041:10.0 1040:10.0 
0 1041:10.0 1040:10.0 
0 1042:10.0 
0 
1 433:10.0 
1 
1 
2 634:10.0 
2 
2 
1 1043:10.0 
2 1044:10.0 
2 
2 
1 156:10.0 
2 
2 740:10.0 
0 
0 
0 
2 
2 
0 
2 0:10.0 1045:10.0 
0 
2 
2 
1 
2 
2 
2 
0 
0 
2 613:10.0 
1 
0 
2 
0 1047:10.0 1046:10.0 
0 0:10.0 518:10.0 
1 
0 1048:10.0 
2 1050:10.0 1049:10.0 
2 
2 1051:10.0 
2 
0 1052:10.0 
0 
2 1053:10.0 
2 1054:10.0 
0 1055:10.0 
0 
0 171:10.0 
2 312:10.0 
2 
0 
0 
1 
1 
0 132:10.0 
0 132:10.0 
0 
0 132:10.0 
1 
2 710:10.0 1056:10.0 
0 
2 10:10.0 
0 
0 
2 25:10.0 
0 
1 
1 
1 74:10.0 
2 
0 1057:10.0 
2 
2 40:10.0 
2 1058:10.0 
2 
1 
2 1059:10.0 
0 
2 1060:10.0 
0 
0 
2 1061:10.0 
0 1062:10.0 
1 
1 
2 139:10.0 
1 
2 1063:10.0 
2 
0 
2 1064:10.0 
1 0:10.0 
2 
2 
0 
0 
2 
0 
2 
2 1065:10.0 
1 1066:10.0 
2 
2 
1 
2 
0 
2 
1 1067:10.0 
0 
2 
1 
2 
2 
2 0:10.0 
2 1068:10.0 
2 
0 
2 195:10.0 
0 1069:10.0 
1 
2 
1 
2 
2 
2 952:10.0 
2 
0 
1 1070:10.0 
1 1071:10.0 
0 99:10.0 
1 
2 1072:10.0 
2 
0 1073:10.0 
2 
2 
0 
2 810:10.0 
1 1074:10.0 
0 
2 1075:10.0 
2 
2 
0 
1 
1 
0 54:10.0 
1 
1 
1 
1 
1 
2 
1 1047:10.0 
2 2:10.0 
0 
2 1077:10.0 
2 
0 1078:10.0 
2 1079:10.0 
2 1080:10.0 
0 
2 
0 518:10.0 
1 1081:10.0 705:10.0 
0 
2 
1 1082:10.0 
2 606:10.0 
1 1042:10.0 
2 
1 0:10.0 
2 
1 
1 
0 
2 
0 
0 
2 
0 
1 1083:10.0 
2 
2 1084:10.0 
0 
2 770:10.0 
2 0:10.0 1085:10.0 
2 
1 1086:10.0 661:10.0 
0 
2 
0 300:10.0 
0 300:10.0 
0 652:10.0 
1 
2 0:10.0 
1 
1 
2 40:10.0 
1 
0 
2 
2 
2 
0 
0 
1 
2 
2 
2 
1 930:10.0 
1 
2 1087:10.0 
0 2:10.0 
1 1088:10.0 
2 430:10.0 
0 
2 
2 684:10.0 
0 1089:10.0 
1 
2 10:10.0 499:10.0 
0 157:10.0 
2 378:10.0 
2 0:10.0 
2 
2 
2 
2 1090:10.0 
1 
2 1091:10.0 
2 1092:10.0 
2 1093:10.0 
2 
1 
2 634:10.0 
1 
1 
0 750:10.0 
1 
2 1094:10.0 
2 
1 
1 
1 
0 
0 
2 1095:10.0 
2 1096:10.0 557:10.0 
2 
1 622:10.0 
0 1097:10.0 
1 
1 1098:10.0 
1 
1 1099:10.0 
2 
0 
1 
0 
0 
1 74:10.0 
0 1100:10.0 
0 
1 
2 
1 
0 1101:10.0 
2 
2 
0 
0 
0 
1 
1 
2 1102:10.0 
2 613:10.0 
1 
2 
1 1103:10.0 
1 
2 1104:10.0 
1 1105:10.0 
1 31:10.0 1106:10.0 
1 
2 
0 
2 
2 
2 
2 
1 
1 
2 1107:10.0 
1 
1 459:10.0 
0 
0 
0 
1 
0 
2 776:10.0 
1 1108:10.0 
0 1109:10.0 
1 
0 
1 
2 99:10.0 
2 
1 433:10.0 
1 
0 
2 1093:10.0 
1 
2 
0 
2 399:10.0 
2 
1 495:10.0 
0 
0 
0 
1 
2 
2 
0 
1 
2 
1 
1 
0 
1 
0 
1 1110:10.0 
1 986:10.0 
0 
2 
2 
1 
1 
1 
1 
1 1111:10.0 
0 
0 
0 
2 1112:10.0 331:10.0 
2 
1 
1 
2 
1 
1 
0 
0 
0 
1 
0 
2 
1 
0 
1 
2 
2 
1 
0 1113:10.0 
1 
0 
0 1114:10.0 
2 
0 
2 
2 1115:10.0 
1 
2 
2 1116:10.0 
0 0:10.0 63:10.0 
0 
0 
0 
1 
2 
2 1117:10.0 
2 1118:10.0 
2 
0 
2 
0 634:10.0 
1 
2 
2 1119:10.0 
2 
0 
2 
2 232:10.0 
0 1120:10.0 
0 
1 
1 
0 
1 1121:10.0 
2 
2 1122:10.0 
1 
1 
1 
2 
2 803:10.0 1123:10.0 
2 1124:10.0 
0 
2 
1 
0 
0 
2 1125:10.0 
1 
0 
0 
0 
2 0:10.0 
2 1126:10.0 
0 1127:10.0 
0 1127:10.0 
0 153:10.0 
2 
2 
2 
2 
0 612:10.0 
0 
2 
0 
1 
1 
0 585:10.0 
2 
0 80:10.0 
2 1128:10.0 
2 
2 687:10.0 
0 951:10.0 
0 
2 
2 10:10.0 
2 
2 1129:10.0 3:10.0 
0 0:10.0 
1 
0 
0 
1 149:10.0 
0 
2 
2 
0 
2 
2 1130:10.0 
2 
0 80:10.0 
2 
0 265:10.0 
0 265:10.0 
0 9:10.0 
0 
2 
0 
0 
2 
0 
0 
0 
0 1131:10.0 
0 
0 
2 1016:10.0 1132:10.0 
2 
2 
2 
2 
2 
0 
2 63:10.0 
1 
0 239:10.0 
1 1133:10.0 
2 
1 
0 73:10.0 
2 
2 
1 
2 
2 
0 
2 
0 1134:10.0 
2 
2 
0 0:10.0 
2 
2 
2 
2 
0 1135:10.0 
0 612:10.0 
0 
2 
2 
2 
0 
2 
1 521:10.0 139:10.0 
0 
2 
0 
0 
2 
0 
2 1136:10.0 
2 274:10.0 
2 
2 1042:10.0 
2 1137:10.0 481:10.0 
0 
1 
2 1138:10.0 
0 
0 
2 
2 
0 1140:10.0 1139:10.0 
1 
0 1140:10.0 1139:10.0 
1 
1 74:10.0 
0 
2 520:10.0 
0 1141:10.0 
1 
1 1142:10.0 
0 
0 687:10.0 
0 
0 1143:10.0 
2 
2 
0 
0 
1 
2 
0 1144:10.0 
0 
0 1145:10.0 
0 1145:10.0 
2 
2 1147:10.0 1146:10.0 
2 
2 
2 31:10.0 
0 
1 1148:10.0 
1 179:10.0 
2 
2 
2 1149:10.0 
1 
1 
0 
0 
2 25:10.0 
2 884:10.0 
2 700:10.0 
1 1150:10.0 
0 
2 
0 1151:10.0 
1 
0 0:10.0 
0 
0 
2 1152:10.0 
2 0:10.0 
2 132:10.0 
2 
0 1153:10.0 
0 1155:10.0 
2 1156:10.0 
2 
2 
2 1157:10.0 
1 
2 
2 1158:10.0 
1 378:10.0 
0 
0 1159:10.0 
2 934:10.0 
0 
2 
2 
2 
2 
2 
2 
2 
2 
1 
2 
0 
2 0:10.0 
1 
2 
2 
0 
2 
1 
2 
2 
1 1160:10.0 
0 1161:10.0 
1 3:10.0 1162:10.0 
0 
2 25:10.0 
2 
1 0:10.0 
2 
2 2:10.0 
2 
0 
1 
0 
0 981:10.0 
0 
2 
2 
1 
0 1164:10.0 1163:10.0 
1 0:10.0 
1 153:10.0 1165:10.0 
2 
1 
2 
0 
1 
2 
0 
0 
0 1166:10.0 884:10.0 
0 
0 
2 
2 
2 1167:10.0 
0 80:10.0 
0 
0 
1 1168:10.0 
2 1145:10.0 1169:10.0 
1 
2 1170:10.0 
1 1171:10.0 
2 
0 1172:10.0 
1 194:10.0 
2 
2 1173:10.0 
2 
2 
2 
2 
0 
2 25:10.0 
1 
0 
0 
1 185:10.0 
1 
2 265:10.0 
2 684:10.0 
0 1175:10.0 1174:10.0 
1 
2 1176:10.0 
1 394:10.0 
2 1177:10.0 
2 
2 
2 
0 
0 
1 
1 
2 
0 868:10.0 
0 
0 
2 
2 
2 
2 508:10.0 
0 1178:10.0 
2 177:10.0 
2 
0 
2 1179:10.0 
0 
0 
0 1180:10.0 
2 
2 
2 
2 0:10.0 
2 
2 
0 
0 32:10.0 
1 887:10.0 
0 577:10.0 
0 
2 
2 689:10.0 
2 1181:10.0 1182:10.0 
2 0:10.0 50:10.0 
2 880:10.0 
2 8:10.0 
1 1183:10.0 
0 
2 
2 
2 
2 
0 
0 1184:10.0 
0 
0 
0 
1 
0 
2 1185:10.0 
2 
2 
1 
2 238:10.0 
0 1186:10.0 
0 2:10.0 14:10.0 
0 1187:10.0 
2 1188:10.0 
1 
0 1189:10.0 
0 
1 
0 803:10.0 
0 
0 
2 1190:10.0 
2 
2 
2 
0 
0 
2 1191:10.0 977:10.0 
0 
1 
0 
0 
0 
0 
0 1192:10.0 
0 
2 
0 
2 
0 
2 0:10.0 
1 1153:10.0 1:10.0 
2 
2 
2 
2 521:10.0 
0 
0 
0 
0 1193:10.0 
2 
2 1194:10.0 
2 1195:10.0 
2 
0 
1 
0 8:10.0 
0 1196:10.0 
0 
0 
2 
0 
2 25:10.0 
2 1197:10.0 
2 1198:10.0 
2 
2 1199:10.0 
2 
2 
0 
2 
0 
0 
2 1135:10.0 
2 
0 
0 
0 
2 
0 
2 
2 
2 
2 1200:10.0 
2 
2 10:10.0 
2 745:10.0 
2 0:10.0 1201:10.0 
1 1202:10.0 
0 
0 
2 
0 1:10.0 
2 
0 
0 179:10.0 
2 229:10.0 
0 
0 179:10.0 
0 
0 
0 
0 1203:10.0 
1 
2 
2 
0 
2 1204:10.0 1205:10.0 
0 1206:10.0 
0 621:10.0 
1 
0 
0 
0 
0 
0 950:10.0 1207:10.0 
1 
2 
2 652:10.0 
2 0:10.0 
2 
0 74:10.0 
0 
2 
2 1147:10.0 
1 
2 33:10.0 
0 
0 
2 80:10.0 
1 
0 979:10.0 
1 
2 
0 
0 
2 
1 1208:10.0 
0 
2 
2 1209:10.0 84:10.0 
2 
2 
1 
0 
0 0:10.0 
0 
0 
2 1211:10.0 1210:10.0 
2 1212:10.0 
2 
1 
2 
0 
0 
1 
2 31:10.0 
0 1213:10.0 
0 
2 
1 979:10.0 
1 979:10.0 
1 979:10.0 
0 0:10.0 
1 979:10.0 
1 979:10.0 
1 979:10.0 
1 979:10.0 
0 0:10.0 
0 1215:10.0 1214:10.0 
1 
2 1216:10.0 
0 
2 
0 
2 515:10.0 
2 1217:10.0 
2 1218:10.0 
2 1219:10.0 
0 0:10.0 689:10.0 
0 
2 176:10.0 
2 288:10.0 
0 
2 1220:10.0 
1 
0 
1 1221:10.0 
0 
2 
2 
2 1222:10.0 
0 
2 
2 
2 
0 
2 970:10.0 
1 
0 
2 
1 
2 
2 
2 
1 810:10.0 
2 
2 1223:10.0 
2 
0 
2 1224:10.0 
2 
0 
1 0:10.0 1225:10.0 
1 1226:10.0 
0 
1 
2 689:10.0 
2 
0 
2 1227:10.0 
2 
2 
1 1228:10.0 
0 
0 
1 1229:10.0 
0 
0 
0 1078:10.0 
2 
0 
0 
1 622:10.0 
2 1230:10.0 
0 
2 40:10.0 
0 
0 
2 1232:10.0 1231:10.0 
2 
2 1233:10.0 168:10.0 
0 
0 132:10.0 
1 
2 
0 1234:10.0 
2 
1 
0 
0 
2 
0 
0 265:10.0 1085:10.0 
2 1235:10.0 
0 265:10.0 1085:10.0 
2 
1 153:10.0 
0 
0 
0 
2 
1 
0 
0 1236:10.0 
2 
2 1237:10.0 
0 10:10.0 1238:10.0 
0 
2 1239:10.0 
2 1240:10.0 688:10.0 
2 
1 0:10.0 
2 80:10.0 
0 
2 1019:10.0 
2 
2 
0 
1 
0 
0 0:10.0 
2 
0 
2 
1 1241:10.0 
0 1242:10.0 1243:10.0 
0 1242:10.0 1243:10.0 
1 
2 
2 14:10.0 
2 
0 0:10.0 
2 1244:10.0 
2 
0 
2 
0 
0 
0 
0 
1 
2 
2 
1 1245:10.0 
2 
2 
1 
0 163:14.288696786234412 
0 80:10.0 
0 
1 1246:10.0 
2 913:10.0 
2 1248:10.0 1247:10.0 
2 
2 
2 
2 
2 
2 
2 10:10.0 
1 
2 
0 1249:10.0 
0 
0 1250:10.0 
2 
2 
2 
1 
0 
0 719:10.0 
2 
0 5:10.0 
2 1251:10.0 
1 
0 
0 
0 
0 
2 
2 
1 1252:10.0 
0 210:10.0 
1 285:10.0 
2 
1 1253:10.0 
1 740:10.0 
0 
1 
2 
0 
1 185:10.0 
0 0:10.0 
0 
0 1254:10.0 
0 
2 1255:10.0 
0 
2 
2 
1 
2 
2 
1 
2 
2 1256:10.0 
2 
1 
2 
1 
2 
0 
2 1257:10.0 
2 1258:10.0 
0 1259:10.0 0:10.0 
0 
2 
2 
1 
2 487:10.0 
0 
2 
0 
2 215:10.0 
0 
0 1260:10.0 
0 
0 
2 80:10.0 
1 
1 
2 
0 45:10.0 
2 1261:10.0 
0 
1 
0 1260:10.0 
0 
2 
2 
0 
1 1037:10.0 
1 
2 
0 
2 80:10.0 
0 
2 1262:10.0 363:10.0 
2 10:10.0 1263:10.0 
2 
2 
1 
2 
0 63:10.0 1264:10.0 
1 1265:10.0 
2 
2 
2 
2 1266:10.0 
2 
2 
2 
2 
2 1267:10.0 
2 
1 
0 
2 
0 
2 
2 
1 1268:10.0 
2 
2 
0 1269:10.0 
0 1270:10.0 376:10.0 
0 1271:10.0 1128:10.0 
0 1272:10.0 
2 
0 520:10.0 
0 1273:10.0 
0 
2 
0 80:10.0 1274:10.0 
0 80:10.0 1274:10.0 
2 
0 
0 
0 
2 
2 1275:10.0 
2 
0 
0 
2 
2 
2 
0 1:10.0 
2 
2 1276:10.0 
0 
0 
0 
2 809:10.0 
2 
2 
0 
2 
0 742:10.0 
0 
0 
0 
2 1277:10.0 
0 
2 
1 1237:10.0 
2 423:10.0 
2 
0 1278:10.0 
1 1279:10.0 
0 
2 
0 1280:10.0 
0 
0 
2 
2 
0 10:10.0 
2 50:10.0 
0 2:10.0 
0 
0 
2 252:10.0 
0 1281:10.0 
0 
2 
2 1282:10.0 
2 
0 199:10.0 
2 1283:10.0 
0 1284:10.0 22:10.0 
2 
0 
0 
2 
2 
0 1285:10.0 
0 1286:10.0 
0 1287:10.0 
0 803:10.0 
2 
2 
0 58:10.0 
0 
1 
2 1288:10.0 
0 0:10.0 
0 1289:10.0 
0 
0 0:10.0 
0 
0 
0 
2 1290:10.0 
0 
2 10:10.0 980:10.0 
2 577:10.0 
0 
2 
0 
0 
2 1291:10.0 
2 639:10.0 
2 
0 
2 1292:10.0 
0 1293:10.0 
1 1294:10.0 
2 326:10.0 1295:10.0 
1 
2 
1 
0 1296:10.0 
2 
2 
2 
2 508:10.0 
0 
2 
2 
2 1116:10.0 
0 
2 1298:10.0 1297:10.0 
2 1299:10.0 
2 
0 
0 
0 
1 168:10.0 
0 
1 1301:10.0 
0 844:10.0 
0 
1 1302:10.0 
0 
2 1303:10.0 
0 1304:10.0 
0 1304:10.0 
2 0:10.0 
2 
2 80:10.0 
2 
2 
0 1305:10.0 
0 
2 1306:10.0 
2 880:10.0 
2 1:10.0 
2 
0 
1 
0 99:10.0 
1 1307:10.0 
2 
1 
0 
2 
0 1308:10.0 
2 
2 14:10.0 
0 
2 
2 40:10.0 
2 74:10.0 
0 
2 
0 
2 
0 0:10.0 
0 0:10.0 
2 
1 
1 
1 
2 
1 1309:10.0 
0 566:10.0 1310:10.0 
0 566:10.0 1310:10.0 
0 
2 
2 1311:10.0 185:10.0 
2 1313:10.0 1312:10.0 
2 80:10.0 
0 
1 0:10.0 
0 
2 
2 
0 
0 
2 
1 
0 
2 
2 
2 
2 
0 1314:10.0 
2 1315:10.0 
0 
2 
0 
2 
2 1316:10.0 
0 
0 
0 
2 1317:10.0 
1 
0 
2 1318:10.0 
1 
0 
2 39:10.0 
2 
2 
1 
2 1319:10.0 
2 884:10.0 99:10.0 
0 
0 1320:10.0 
2 
2 1322:10.0 1321:10.0 
0 
0 
2 1323:10.0 
0 
0 1324:10.0 
2 
0 
2 
0 
2 265:10.0 
1 
2 
2 
2 1325:10.0 
1 2:10.0 
2 1295:10.0 
2 
2 1326:10.0 
2 
2 
1 312:10.0 
0 
1 543:10.0 
0 
0 99:10.0 
0 99:10.0 
2 
0 
2 1327:10.0 
0 162:10.0 265:10.0 543:10.0 
2 
0 
0 
1 
1 0:10.0 
2 
0 1016:10.0 
2 
0 99:10.0 
0 
2 
0 
2 
2 1328:10.0 
0 
0 1329:10.0 
2 1330:10.0 
0 622:10.0 
0 0:10.0 
2 
0 
2 1331:10.0 
2 
0 
2 
0 
2 99:10.0 
2 
2 
2 1319:10.0 
2 1332:10.0 
0 
2 
2 
2 
0 1333:10.0 
0 
2 
0 
2 
2 
2 
0 
1 
2 
2 
2 
2 
1 1334:10.0 
1 
2 
1 
0 
2 1335:10.0 
2 
0 
0 
2 
0 
0 1338:10.0 
2 
2 
0 1339:10.0 
1 
1 
2 
2 1340:10.0 
1 
0 2:10.0 
2 536:10.0 
2 132:10.0 
0 
1 1341:10.0 
2 1342:10.0 
2 1343:10.0 
2 
0 394:10.0 
2 
1 1344:10.0 
0 1345:10.0 
2 
2 179:10.0 113:10.0 
2 1346:10.0 
2 1347:10.0 
2 
0 
2 
0 
1 
0 
2 1348:10.0 
1 0:10.0 
0 
0 
1 
2 1349:10.0 
2 1350:10.0 
0 1351:10.0 
2 
0 
0 
0 
0 
2 139:10.0 
1 
0 857:10.0 1352:10.0 
1 
0 331:10.0 
2 
0 63:10.0 
0 
1 
1 
0 
2 1353:10.0 
2 
2 1354:10.0 
2 1355:10.0 
0 
0 
1 
0 
2 495:10.0 
1 0:10.0 
0 
0 0:10.0 1356:10.0 
2 
0 
2 
2 
0 1357:10.0 
2 
2 1358:10.0 
2 
0 1359:10.0 
1 
2 
2 
2 
2 
2 
2 
0 803:10.0 
2 350:10.0 25:10.0 
2 
0 16:10.0 
2 
0 
0 
1 
0 
2 
2 
1 
2 433:10.0 1360:10.0 
0 1362:10.0 1361:10.0 
2 
2 
2 
0 
2 1363:10.0 
1 612:10.0 
1 
0 
0 1364:10.0 
0 
2 
2 
0 1365:10.0 
1 
2 0:10.0 
0 1366:10.0 
1 
0 
2 
0 1367:10.0 
2 
0 1368:10.0 
0 
2 
1 937:10.0 
2 1369:10.0 
0 
0 
2 499:10.0 74:10.0 
2 
0 
2 
2 1107:10.0 
2 
0 
2 
0 
0 1370:10.0 
0 1370:10.0 
0 
1 1371:10.0 
0 
1 
2 258:10.0 524:10.0 139:10.0 
2 
0 
0 
2 1127:10.0 
2 
1 
1 
0 650:10.0 
1 722:10.0 
0 
2 
0 
1 
0 
2 1372:10.0 
0 1373:10.0 
0 0:10.0 
2 9:10.0 
2 1374:10.0 1375:10.0 25:10.0 
0 1376:10.0 
1 
0 
2 1377:10.0 
0 
1 1378:10.0 
1 
0 
0 1379:10.0 
2 1380:10.0 
1 1381:10.0 
0 
0 
0 1278:10.0 
0 
0 
0 1382:10.0 
2 
0 523:10.0 
2 
2 
0 
0 
0 394:10.0 
2 
0 
2 1383:10.0 
2 
0 1384:10.0 
2 1385:10.0 
0 1384:10.0 
2 
2 
2 
0 
0 
2 394:10.0 
1 
2 
0 
2 377:10.0 
2 
1 
2 0:10.0 
2 
0 
0 
2 
2 970:10.0 
2 
2 
0 459:10.0 
1 
0 1386:10.0 
1 
1 
2 
0 
2 
2 
2 80:10.0 
2 652:10.0 
0 
2 
2 371:10.0 
0 
2 
2 
0 
1 
0 1160:10.0 
0 1387:10.0 
2 
0 
2 
2 
0 
0 
0 619:10.0 
0 
0 
2 1205:10.0 
1 132:10.0 
0 1388:10.0 
2 
2 
0 
1 
2 1389:10.0 
0 
0 
2 717:10.0 
2 
0 1103:10.0 
0 1103:10.0 
0 1103:10.0 
2 1390:10.0 
2 132:10.0 
0 1016:10.0 
2 
0 
0 
1 426:10.0 
1 0:10.0 
0 1391:10.0 
0 
2 
2 
1 1392:10.0 
2 
2 
0 
2 1393:10.0 80:10.0 
2 1394:10.0 
2 1395:10.0 
1 
0 297:10.0 
2 370:10.0 
2 
2 1396:10.0 
2 1397:10.0 
0 
0 
2 1398:10.0 1399:10.0 
2 
2 
0 
0 1400:10.0 
2 
0 
2 
2 10:10.0 
0 80:10.0 
0 
0 
1 
0 1401:10.0 
0 1402:10.0 
1 650:10.0 
2 719:10.0 
2 
2 1403:10.0 1250:10.0 
0 80:10.0 543:10.0 
2 
0 
1 
1 0:10.0 
0 
0 1404:10.0 74:10.0 
2 1025:10.0 
0 
0 1406:10.0 
2 1407:10.0 
0 
2 
2 
2 
2 
0 
0 
2 
2 
2 1408:10.0 
2 605:10.0 
2 1042:10.0 
1 0:10.0 
2 1409:10.0 1410:10.0 
0 
1 
2 499:10.0 
2 1298:10.0 1411:10.0 
2 
0 1412:10.0 1413:10.0 399:10.0 
2 
2 
2 
1 1414:10.0 
0 1415:10.0 
2 
0 
1 
2 
0 
2 0:10.0 
0 
2 
0 
0 
0 
2 
2 
0 
2 809:10.0 
0 
1 918:10.0 
2 
0 
2 14:10.0 1416:10.0 
2 1417:10.0 
2 
2 
1 
1 
1 0:10.0 
0 74:10.0 
2 0:10.0 
0 
0 
0 
2 1364:10.0 
1 
0 
0 287:10.0 
0 
0 
2 
1 
1 
2 
0 
0 
1 
2 
1 
0 
0 80:10.0 331:10.0 
0 
0 
0 1418:10.0 
0 
1 
2 
0 
0 
0 
2 
1 1419:10.0 
1 1420:10.0 
2 
1 
2 1421:10.0 
2 622:10.0 481:10.0 
2 1422:10.0 
0 1423:10.0 265:10.0 
0 1424:10.0 
2 1425:10.0 
2 
0 
0 1426:10.0 
1 750:10.0 
2 
0 1427:10.0 
2 
2 
0 
0 507:10.0 1428:10.0 
0 
1 
2 
0 
0 
1 
2 
0 689:10.0 
0 
1 
0 
0 26:10.0 
2 1429:10.0 
0 
1 
0 705:10.0 
0 
2 
2 1430:10.0 
2 1431:10.0 
0 
1 621:10.0 
2 
2 
0 
0 
0 1082:10.0 
2 
1 1432:10.0 
2 
2 
2 
0 
0 
2 
1 0:10.0 
1 
0 1433:10.0 
2 1434:10.0 1435:10.0 
2 
1 
2 1436:10.0 
0 
2 1137:10.0 1437:10.0 
2 1438:10.0 
2 
2 
2 1439:10.0 884:10.0 
2 
2 
2 163:10.0 
2 
0 
2 1440:10.0 293:10.0 
2 
1 
1 
2 
0 5:10.0 
2 
2 1441:10.0 
0 
2 1442:10.0 
2 
2 
2 1025:10.0 
2 1118:10.0 
0 
2 
0 
0 
0 25:10.0 
1 
2 
0 1443:10.0 
0 
2 1444:10.0 
2 
1 
0 
0 
0 
2 58:10.0 
2 
2 
2 
0 
0 
2 
0 
1 
0 
2 1445:10.0 
2 
2 
1 
0 481:10.0 
2 0:10.0 
0 
1 
2 1446:10.0 
2 378:10.0 
2 
2 
2 
2 
2 1436:10.0 
0 
0 
0 1447:10.0 
2 
0 1448:10.0 
0 1237:10.0 
2 1449:10.0 
2 
1 1123:10.0 
0 
0 1450:10.0 99:10.0 
0 
0 1451:10.0 
2 
0 
2 
0 
2 40:10.0 
0 1452:10.0 
0 1453:10.0 
0 
0 1335:10.0 
0 
0 1147:10.0 
1 1454:10.0 
0 
0 
1 
0 
0 
2 
0 
0 
0 
2 481:10.0 
2 
0 
0 
1 986:10.0 
1 
1 
2 
1 0:10.0 
1 
2 
0 1456:10.0 1455:10.0 
1 1457:10.0 
2 0:10.0 
2 80:10.0 
2 652:10.0 
1 
0 
2 
1 
0 
1 557:10.0 309:10.0 
2 1458:10.0 
1 0:10.0 
1 
0 278:10.0 
2 
0 
1 
0 1265:10.0 
0 
2 
1 1459:10.0 
0 
1 
0 
0 
0 
0 
2 
2 
2 
0 
2 
1 
2 
0 
2 
2 1458:10.0 
2 495:10.0 
0 
0 
0 
0 1460:10.0 
2 
2 1461:10.0 
2 423:10.0 
2 
2 
1 1462:10.0 
0 194:10.0 
1 
2 
0 2:10.0 
2 
0 0:10.0 
2 
1 1464:10.0 1463:10.0 
2 1465:10.0 1466:10.0 
0 
2 
2 
0 
0 
2 
0 
0 
1 
1 
1 
2 
0 
1 
1 
2 1467:10.0 
1 1468:10.0 
1 10:10.0 
1 
0 
1 1469:10.0 
0 1470:10.0 
2 0:10.0 
0 1471:10.0 
1 
0 
1 
0 1472:10.0 
1 0:10.0 
1 1473:10.0 
1 
1 
2 
2 31:10.0 
2 684:10.0 
2 
2 
1 0:10.0 
2 
2 
2 1474:10.0 1475:10.0 
1 
0 
0 
1 0:10.0 
2 
1 
0 80:10.0 
2 270:10.0 
2 
0 
1 
1 1476:10.0 
2 
1 
2 
2 
2 1127:10.0 
1 
2 
2 
0 
2 
1 
0 1477:10.0 
0 1477:10.0 
2 
2 
2 
2 
2 0:10.0 
0 1478:10.0 
0 1479:10.0 
1 0:10.0 
1 
0 
1 
0 
0 1480:10.0 
1 
0 
2 1481:10.0 1482:10.0 
2 
2 1128:10.0 
1 
2 
0 
0 
1 1483:10.0 
2 
1 
1 
0 
0 
0 
1 0:10.0 
0 621:10.0 
0 518:10.0 
0 518:10.0 
0 
0 
0 
1 0:10.0 
1 
1 1484:10.0 
1 
1 
1 
0 438:10.0 1485:10.0 
1 
1 
1 
2 
1 
2 
0 
1 
1 638:10.0 
2 
1 
2 168:10.0 
1 
2 1486:10.0 
1 
2 
0 
0 
1 
1 
1 
2 
1 
1 
0 
2 
1 
0 
2 0:10.0 
2 
1 
1 
2 
2 1487:10.0 
1 
1 0:10.0 
2 
1 
0 1488:10.0 
1 1489:10.0 
2 0:10.0 
1 0:10.0 
1 74:10.0 
1 
1 0:10.0 
1 
1 394:10.0 
1 
1 
1 
1 3:10.0 
1 
1 
1 
2 80:10.0 910:10.0 
1 0:10.0 
0 
2 80:10.0 
1 
1 229:10.0 
0 
2 1490:10.0 
2 31:10.0 
2 
2 
1 
2 467:10.0 
1 622:10.0 
1 1491:10.0 
0 543:10.0 
1 
1 
2 
1 
2 
1 
2 
1 1492:10.0 
1 
1 
0 1493:10.0 
2 
1 
2 0:10.0 1494:10.0 
1 
1 1495:10.0 331:10.0 
1 
2 
1 
1 
2 
0 205:10.0 577:10.0 
0 991:10.0 
0 
2 
1 
0 
1 
0 
1 
0 
0 434:10.0 
1 
1 25:10.0 
1 
1 
1 
0 80:10.0 
1 
1 661:10.0 
1 
1 1496:10.0 
1 
0 
2 149:10.0 
1 
0 106:10.0 
1 
1 
1 
1 
0 1434:10.0 
0 
1 
1 
1 
2 1497:10.0 
0 
0 74:10.0 
1 
1 
0 
0 
2 
1 1498:10.0 
1 
1 
1 1351:10.0 
2 
1 
2 1499:10.0 
1 
1 
2 
1 1500:10.0 
1 
1 1501:10.0 
2 
1 
2 
2 1439:10.0 
2 
0 
2 1502:10.0 
2 1504:10.0 1503:10.0 
0 1505:10.0 
1 1506:10.0 
1 
1 
1 
0 
2 1507:10.0 589:10.0 
2 1508:10.0 
2 1509:10.0 
1 
1 1510:10.0 987:10.0 
1 
1 0:10.0 1511:10.0 
2 1512:10.0 
2 
1 
1 1514:10.0 1513:10.0 
1 
0 
2 
1 1515:10.0 
0 
1 
2 
2 
2 
0 
1 
0 
1 
2 
1 
1 1516:10.0 1517:10.0 
2 0:10.0 
1 
1 
1 1518:10.0 
1 1519:10.0 
1 1520:10.0 
1 
2 40:10.0 
1 
0 1521:10.0 1522:10.0 
1 80:10.0 
1 495:10.0 
1 
1 
0 1523:10.0 
1 
2 
0 1524:10.0 
1 63:10.0 
0 
1 
1 25:10.0 1525:10.0 
0 
2 
0 
1 
1 163:10.0 
1 
1 80:10.0 1078:10.0 
1 132:10.0 
1 
1 
1 1526:10.0 
1 1527:10.0 
0 1145:10.0 1528:10.0 
0 1529:10.0 1530:10.0 
1 0:10.0 
1 
1 1531:10.0 
0 
0 
1 
1 
1 
2 1532:10.0 
1 
1 
1 0:10.0 
1 
0 
0 
1 
1 
1 1533:10.0 1323:10.0 
2 1534:10.0 
1 
1 1246:10.0 
0 
1 
2 
0 
1 
2 1536:10.0 1535:10.0 1537:10.0 
1 
2 1538:10.0 
2 
1 
2 
1 25:10.0 
1 
2 0:10.0 
1 
1 
1 
2 
1 1539:10.0 
2 
2 1540:10.0 
1 
1 
1 
0 1541:10.0 
1 1415:10.0 
1 
1 1542:10.0 
1 
1 261:10.0 
2 613:10.0 
1 1341:10.0 
1 
2 
1 1543:10.0 
2 
1 
0 
1 1250:10.0 
0 
0 
0 
2 132:10.0 
0 
0 
2 
1 
1 1544:10.0 
1 
0 
0 
2 
0 74:10.0 
0 74:10.0 
1 
2 
2 
2 
2 0:10.0 
1 1545:10.0 
1 
1 
0 
2 1546:10.0 
2 1175:10.0 
0 1547:10.0 
2 2:10.0 
2 
1 
0 
0 
2 
1 
2 99:10.0 
1 85:10.0 
1 74:10.0 
1 1548:10.0 
1 1549:10.0 1031:10.0 
1 
0 
0 
1 132:10.0 
0 
2 
0 
2 
1 
1 
2 
0 68:10.0 
0 68:10.0 
0 68:10.0 
1 
2 
1 
1 1550:10.0 
2 25:10.0 
2 1551:10.0 
0 
1 1552:10.0 
1 1553:10.0 
1 
1 
2 0:10.0 
2 300:10.0 
1 
1 
1 
2 803:10.0 
1 
0 
0 
0 
1 
0 999:10.0 
1 200:10.0 
0 
2 1554:10.0 
2 495:10.0 91:10.0 
2 1555:10.0 
0 
2 1451:10.0 
1 1556:10.0 
2 
2 479:10.0 
2 
2 
2 
2 1557:10.0 
2 
2 
1 
1 
1 
1 
2 40:10.0 
0 1558:10.0 
1 
0 
0 
0 
2 1559:10.0 
2 258:10.0 1560:10.0 
1 
2 
2 
1 
2 
0 1112:10.0 
2 
2 
0 
1 331:10.0 
2 
0 1561:10.0 
2 1562:10.0 
2 2:10.0 
2 
2 229:10.0 
2 
0 
1 
2 803:10.0 
2 1563:10.0 
2 
0 1564:10.0 
0 
2 
0 1551:10.0 
2 
0 459:10.0 
2 
2 
0 
0 
0 
1 
1 1565:10.0 
0 
2 20:10.0 
1 
0 
0 
2 
0 
1 
0 1566:10.0 
2 
0 1567:10.0 
0 
0 
2 25:10.0 
1 
2 1568:10.0 
2 
0 99:10.0 
2 
2 
2 80:10.0 
2 
0 0:10.0 
0 0:10.0 
0 
0 
1 
1 1569:10.0 
2 
0 
1 
0 1570:10.0 
0 
2 
0 1571:10.0 
2 0:10.0 
2 
2 
2 
0 1572:10.0 
2 
0 
0 1572:10.0 
0 
0 53:10.0 
2 
0 1573:10.0 
0 
2 
2 139:10.0 
2 265:10.0 
2 1574:10.0 
0 
1 
0 
1 543:10.0 
2 1575:10.0 
1 
2 
2 
2 1576:10.0 
2 1086:10.0 
0 
2 
2 
0 
2 
2 1239:10.0 1123:10.0 
2 
0 
1 1578:10.0 1577:10.0 
2 1579:10.0 
0 
1 
2 
2 
2 1580:10.0 
0 
2 
0 
2 
0 
2 
2 
0 1581:10.0 
2 
2 
1 
2 1582:10.0 
1 
1 1583:10.0 
0 
2 1584:10.0 80:10.0 
0 139:10.0 
0 
0 
2 
0 0:10.0 
2 
2 
2 
2 
0 
1 
1 1585:10.0 
2 
0 
2 
0 
0 
0 
0 
2 
0 1586:10.0 
2 
0 1587:10.0 
0 1587:10.0 
2 250:10.0 
2 10:10.0 
2 
2 
2 1588:10.0 
2 
0 
2 
1 
2 
1 
0 
2 
0 
2 
2 
1 
0 921:10.0 1589:10.0 
0 921:10.0 1589:10.0 
0 1590:10.0 
2 
1 1591:10.0 
2 
1 
1 
1 
1 
1 
0 
1 
1 
0 
2 
2 
2 1592:10.0 
0 1593:10.0 
0 
0 
2 
2 
2 
1 1594:10.0 
2 
0 
0 
2 
2 
0 
1 
1 1595:10.0 
0 
0 908:10.0 
0 908:10.0 
1 378:10.0 
2 
2 
0 
0 
0 1596:10.0 
2 
2 1597:10.0 
0 
0 
1 
1 810:10.0 
2 
2 
0 
0 1598:10.0 
0 
1 1042:10.0 
2 1599:10.0 
2 
0 719:10.0 
2 
2 
0 719:10.0 
0 1600:10.0 
1 
1 
1 
2 1601:10.0 
0 
1 1602:10.0 
1 
0 
0 
2 
2 1603:10.0 
0 
2 73:10.0 
2 258:10.0 
2 495:10.0 1540:10.0 1604:10.0 
0 1605:10.0 
2 
2 653:10.0 
2 
0 1606:10.0 
0 1607:10.0 
0 599:10.0 
0 
2 
1 
2 
2 
2 1608:10.0 
0 
0 
2 
2 798:10.0 
0 1609:10.0 
2 
0 
1 
2 
0 
2 
1 
2 
0 
1 
1 
2 
0 
0 
0 
2 507:10.0 1610:10.0 
1 697:10.0 
2 
0 1611:10.0 
2 10:10.0 
0 
0 
0 
2 
2 
2 
0 1612:10.0 
2 0:10.0 
2 
2 1613:10.0 
0 1222:10.0 
2 495:10.0 
1 1614:10.0 
2 
0 
2 
2 1615:10.0 
2 
2 80:10.0 
0 
0 
1 
2 
1 
0 
2 1616:10.0 
0 
2 
0 
0 
1 
0 
2 
2 
2 
0 
2 
1 215:10.0 331:10.0 
2 
2 
2 1617:10.0 
2 
2 
0 
0 
0 
0 423:10.0 
1 
2 
2 
0 
1 
0 
2 1618:10.0 
2 
2 
0 1619:10.0 
1 
1 626:10.0 
2 
0 
0 1620:10.0 
1 
2 
0 1620:10.0 
1 
1 1621:10.0 
1 
0 
0 
0 
0 
1 
1 
2 58:10.0 
2 
2 
1 
2 1622:10.0 1623:10.0 
0 378:10.0 
2 
0 
1 
0 
1 
2 
1 312:10.0 
1 1624:10.0 
1 
2 
0 
2 
1 
2 0:10.0 1625:10.0 
0 1626:10.0 
0 
0 
0 
2 
0 
2 
0 
0 1303:10.0 
0 
1 
2 
0 
2 1627:10.0 
0 85:10.0 
0 
2 
2 1628:10.0 
2 0:10.0 
0 1629:10.0 
1 1630:10.0 
2 1631:10.0 7:10.0 
2 
2 
1 80:10.0 
0 
2 
1 
0 
2 1571:10.0 
0 
1 
2 
0 1632:10.0 
1 80:10.0 
2 
0 
2 
0 
2 1634:10.0 1633:10.0 
0 
2 0:10.0 1635:10.0 
0 
0 
2 
0 
2 
2 
2 481:10.0 
1 
1 
1 
2 
2 
0 
0 
2 1636:10.0 
0 
1 
0 
2 
2 
0 
0 
2 
2 
0 
1 172:10.0 
2 
1 
0 
0 
0 1458:10.0 
0 
0 1637:10.0 
1 1638:10.0 
2 
0 
2 25:10.0 
2 
2 1639:10.0 
2 
1 1640:10.0 
2 
2 
0 
2 
2 
2 1641:10.0 
2 
0 1642:10.0 
2 
2 1112:10.0 
2 
1 710:10.0 
1 1643:10.0 
2 
2 1644:10.0 
2 
2 
2 40:10.0 1645:10.0 
2 1044:10.0 
2 
1 
1 1646:10.0 
1 
0 
2 
0 
0 
1 1647:10.0 378:10.0 
0 
2 
0 1649:10.0 1648:10.0 
0 
2 1650:10.0 
0 
2 
2 
1 
2 
0 
1 1289:10.0 
0 
0 
2 
2 
0 1652:10.0 
0 
2 
0 
0 
0 
2 
1 615:10.0 
0 1653:10.0 
2 
2 
1 
2 
2 884:10.0 
2 1654:10.0 
2 
0 622:10.0 
1 1655:10.0 
1 
2 0:10.0 
2 
0 135:10.0 
0 1656:10.0 
2 
2 
2 
0 
0 
1 1657:10.0 
0 
1 3:10.0 
2 1658:10.0 
1 1657:10.0 
1 1659:10.0 
0 
2 566:10.0 
2 
2 
0 
0 961:10.0 
1 1660:10.0 
2 
0 
0 1661:10.0 
0 1662:10.0 
1 
2 25:10.0 
1 
0 
2 
2 
0 
1 
1 
0 168:10.0 
2 
2 
1 987:10.0 
2 
0 
2 2:10.0 
0 
1 
0 
1 1663:10.0 
2 
0 
2 0:10.0 1664:10.0 
0 
2 
0 1665:10.0 
0 
1 
1 1666:10.0 
2 
2 
0 
2 1667:10.0 
0 74:10.0 
0 
2 
2 
2 
0 63:10.0 1668:10.0 
2 
0 2:10.0 
2 
2 
2 
0 
2 
2 365:10.0 
2 
2 
2 1424:10.0 
0 
0 
0 177:10.0 
2 
0 
2 
0 
0 430:10.0 
0 1669:10.0 
0 
0 
0 
1 
0 
0 
2 
0 
2 2:10.0 
0 
2 
2 
0 1670:10.0 
0 1670:10.0 
2 
2 1671:10.0 
0 
2 1672:10.0 
2 
0 
2 
0 
0 
0 
1 
2 
0 
2 1673:10.0 
2 1675:10.0 1674:10.0 
0 
2 
0 
2 
2 
0 1676:10.0 
0 
1 
0 
2 
0 
2 
0 
2 1111:10.0 
2 1677:10.0 
0 
2 
2 
0 1678:10.0 
0 
2 
2 
1 
0 
0 
0 
2 1679:10.0 
0 229:10.0 
1 
2 
0 1681:10.0 1680:10.0 
2 
2 
0 
2 
1 166:10.0 
1 
1 
2 
0 
0 1682:10.0 
0 
2 1683:10.0 
2 1684:10.0 
0 1685:10.0 
0 1686:10.0 
2 621:10.0 
2 
1 
2 
0 99:10.0 
2 
0 1687:10.0 
0 1688:10.0 
2 
0 1689:10.0 
0 
2 
2 80:10.0 
2 
2 
2 
2 
0 
2 1690:10.0 
0 
1 
1 1691:10.0 
2 
2 613:10.0 
0 
0 1426:10.0 
0 
0 
0 
0 
2 1692:10.0 
2 1693:10.0 
0 2:10.0 
2 239:10.0 
2 
1 2:10.0 
2 803:10.0 1123:10.0 
2 
0 199:10.0 
2 
2 
0 
2 1694:10.0 
0 
2 365:10.0 
0 
2 
2 
1 
0 
0 
2 
2 
2 650:10.0 
0 
2 
2 
0 1696:10.0 
1 
0 1697:10.0 
0 
0 1697:10.0 
0 481:10.0 1698:10.0 
2 
0 1697:10.0 
0 
0 1699:10.0 
0 1699:10.0 
2 1700:10.0 
0 1699:10.0 
2 
1 661:10.0 
0 
0 1701:10.0 
2 
1 1702:10.0 
0 
0 1703:10.0 
0 1703:10.0 
0 
2 
0 
0 1704:10.0 
0 
0 324:10.0 
0 1705:10.0 
0 
1 63:10.0 
0 
2 692:10.0 
2 
1 
1 1706:10.0 
2 
2 185:10.0 
0 
2 1707:10.0 
1 1708:10.0 
1 803:10.0 331:10.0 
0 
2 
1 
2 1709:10.0 
0 
2 
2 80:10.0 
1 
0 
0 
1 
0 
2 
2 
0 1710:10.0 
0 
2 
0 
2 
0 
0 0:10.0 
0 
2 
1 1711:10.0 
0 
0 1712:10.0 
2 1713:10.0 
1 
2 
0 
1 1714:10.0 
2 1715:10.0 650:10.0 
0 
1 
0 
2 
2 2:10.0 
2 
0 1716:10.0 
2 
2 
0 
2 
0 
1 
2 
0 1717:10.0 
1 1718:10.0 
0 
2 
2 1719:10.0 
0 
2 
2 962:10.0 1720:10.0 
0 
2 1722:10.0 229:10.0 
0 
0 
2 
0 
2 1723:10.0 
0 
0 615:10.0 
0 
2 1495:10.0 
1 
0 
0 
0 1724:10.0 
0 
2 508:10.0 
0 1726:10.0 1725:10.0 
0 
2 809:10.0 
0 
0 1508:10.0 
0 
0 
1 1727:10.0 
2 
0 1728:10.0 
1 1729:10.0 
2 1730:10.0 
2 
1 
0 
0 
0 
0 
0 
0 
0 1731:10.0 
2 
0 
0 
0 
2 499:10.0 
2 
0 
0 921:10.0 
0 91:10.0 
1 
1 
2 312:10.0 
0 1732:10.0 
2 
0 1733:10.0 
1 
2 1734:10.0 
2 
1 
0 1735:10.0 
0 
0 275:10.0 
1 
0 1736:10.0 
2 
0 
2 1135:10.0 
2 1737:10.0 
2 1738:10.0 
2 1739:10.0 
1 
2 
0 
0 
2 1740:10.0 
2 
0 
0 
0 
2 1741:10.0 
2 613:10.0 
0 
0 
2 
0 
1 
2 
2 1742:10.0 
2 
2 
0 
0 
0 
1 
2 
0 
0 
0 1743:10.0 
1 
0 
2 
0 
2 1744:10.0 
0 
1 
2 
2 
1 1222:10.0 
1 
0 1745:10.0 
2 1746:10.0 
0 
2 
2 884:10.0 
2 
2 
1 
2 
2 
0 
2 1747:10.0 
0 
0 
0 
2 
2 0:10.0 
0 
2 1748:10.0 
2 
2 25:10.0 
2 
2 31:10.0 
0 1064:10.0 
1 
0 683:10.0 
1 1749:10.0 
0 
1 
2 
2 1533:10.0 
0 1750:10.0 
2 
0 
0 
0 
0 
2 0:10.0 1751:10.0 
2 
2 9:10.0 1752:10.0 
2 
0 179:10.0 
2 
0 0:10.0 
0 
2 
0 
2 1753:10.0 
1 
0 
0 
2 1017:10.0 
2 
0 
2 9:10.0 
2 1754:10.0 
0 481:10.0 
1 
2 
0 103:10.0 
2 1755:10.0 
2 
0 103:10.0 
0 
2 
0 
1 
0 
1 287:10.0 
0 
0 
2 
2 80:10.0 
2 1756:10.0 
2 
2 487:10.0 
0 
0 1757:10.0 
0 1757:10.0 
0 1757:10.0 
0 
2 80:10.0 
0 
0 80:10.0 
1 2:10.0 
1 
0 
0 
1 
0 
1 1758:10.0 
2 495:10.0 
2 
0 
1 1759:10.0 
1 1760:10.0 
1 
2 
0 1761:10.0 
2 1762:10.0 1763:10.0 
0 
2 99:10.0 
0 0:10.0 
2 1764:10.0 
0 
2 
0 1765:10.0 
1 1766:10.0 
1 
2 
2 
1 
2 
2 
1 
2 
2 
0 
2 8:10.0 
2 
2 
0 
2 
1 
0 
2 1767:10.0 
0 844:10.0 
0 31:10.0 
2 
2 
2 1768:10.0 
2 
0 
2 
2 1769:10.0 
0 1770:10.0 
2 
2 
0 1081:10.0 
2 1771:10.0 
2 1730:10.0 
0 
2 
2 1225:10.0 
2 
1 1772:10.0 
2 
0 
2 1773:10.0 
2 152:10.0 
0 
0 
1 608:10.0 80:10.0 
0 1774:10.0 
2 
2 
2 
2 1775:10.0 
0 1776:10.0 
0 
0 
2 
2 
0 
0 
2 1777:10.0 
2 
2 
0 750:10.0 
2 
2 
0 1778:10.0 
0 1778:10.0 
2 394:10.0 
1 697:10.0 
2 
0 
2 
1 
2 
2 
2 
2 1779:10.0 
1 1780:10.0 
1 
2 0:10.0 
2 1782:10.0 1781:10.0 
2 
0 1783:10.0 
2 
2 890:10.0 1784:10.0 
2 
2 
2 1785:10.0 
1 312:10.0 
1 1786:10.0 
2 10:10.0 
2 601:10.0 
0 
2 
1 1114:10.0 
2 
0 
0 
1 1787:10.0 
2 1788:10.0 
0 
2 
0 1789:10.0 
0 1789:10.0 
2 1790:10.0 
0 
0 
2 1508:10.0 
2 
0 
1 1791:10.0 
2 
2 80:10.0 
2 
2 1792:10.0 
0 0:10.0 
2 1793:10.0 
0 
2 
2 
2 
2 
2 
2 99:10.0 
0 217:10.0 
2 
1 
0 
2 1664:10.0 
0 
1 641:10.0 
0 1794:10.0 
1 
1 
0 
0 
0 
0 
2 
2 0:10.0 
2 0:10.0 
0 1795:10.0 
0 2:10.0 
0 2:10.0 
0 99:10.0 430:10.0 
1 
0 
2 
0 692:10.0 
0 199:10.0 
2 
2 1025:10.0 
0 
1 1796:10.0 650:10.0 
2 1797:10.0 
0 
0 
2 1452:10.0 
0 
2 
2 309:10.0 
0 25:10.0 
0 99:10.0 
2 
0 73:10.0 
0 73:10.0 
0 73:10.0 
1 
2 
0 
0 
2 1145:10.0 
1 
0 
2 
2 716:10.0 
2 
0 
2 378:10.0 
0 
0 
1 
2 
2 
2 
1 1798:10.0 
0 99:10.0 
2 
2 10:10.0 
1 
2 
2 1799:10.0 
0 
2 
1 
2 
2 
2 
0 400:10.0 
1 1800:10.0 
2 1801:10.0 
2 
2 
2 
2 
2 1802:10.0 
2 
0 1803:10.0 
2 
0 
2 1804:10.0 25:10.0 
0 
2 168:10.0 
0 1805:10.0 
2 
2 
0 1346:10.0 
0 
2 
0 
0 
0 
0 
2 91:10.0 
2 
2 
1 3:10.0 
2 
0 
2 1806:10.0 
2 
2 1807:10.0 
2 
0 163:10.0 
1 1808:10.0 
0 
0 
2 
2 
2 
0 
2 
2 
0 
2 
0 
0 
2 
1 
2 1809:10.0 
2 
2 1810:10.0 
2 
2 10:10.0 
0 1811:10.0 
1 
1 
2 
0 938:10.0 
0 938:10.0 
0 
0 1112:10.0 
2 1112:10.0 
0 
0 
1 544:10.0 
0 
0 
2 1812:10.0 
0 73:10.0 
0 
2 1813:10.0 
1 
0 
2 
2 
2 1815:10.0 1814:10.0 
2 
0 
2 1817:10.0 1816:10.0 
2 
0 
2 615:10.0 
0 
0 
0 1819:10.0 
0 1820:10.0 1463:10.0 
1 
0 1821:10.0 
2 
0 80:10.0 331:10.0 
0 
0 
2 
2 
0 51:10.0 1822:10.0 
0 
1 
0 
2 1823:10.0 
1 1824:10.0 
2 
0 1825:10.0 
0 
0 
0 
1 
0 
0 991:10.0 
0 
1 1123:10.0 
2 776:10.0 99:10.0 
2 
0 1025:10.0 
1 
0 
2 10:10.0 
2 921:10.0 
2 0:10.0 1826:10.0 
1 
0 
0 803:10.0 
1 1827:10.0 
2 
0 
0 
2 
2 
2 
2 
1 1828:10.0 
2 1829:10.0 
2 
2 10:10.0 
2 1830:10.0 
0 
0 1831:10.0 
0 1832:10.0 
1 1078:10.0 
2 
0 1833:10.0 
0 
2 1834:10.0 
2 
2 
1 
2 
0 
0 1835:10.0 
0 
0 
2 1836:10.0 
2 
1 
2 
2 503:10.0 
2 
1 
2 1708:10.0 
0 
0 717:10.0 
2 
0 1837:10.0 
0 199:10.0 
0 
0 
0 
2 
0 
0 
1 
1 1838:10.0 
2 40:10.0 
0 1127:10.0 
0 63:10.0 
0 63:10.0 
0 63:10.0 
2 1839:10.0 
2 1840:10.0 
1 
0 
0 
2 1841:10.0 
2 
2 0:10.0 
0 1842:10.0 304:10.0 
0 
0 1843:10.0 
2 
2 
0 
2 
1 543:10.0 
2 25:10.0 
0 
2 80:10.0 
2 
0 
2 
2 
0 
2 
0 
0 
1 
1 
2 1844:10.0 
0 
0 1845:10.0 
2 305:10.0 
1 
0 
2 
0 1846:10.0 
2 
2 
2 
0 1847:10.0 
2 139:10.0 
2 719:10.0 
2 
0 
0 1847:10.0 
2 1848:10.0 
0 10:10.0 1849:10.0 1850:10.0 
0 
2 487:10.0 
0 
2 613:10.0 
2 
2 
0 
0 139:10.0 
2 
0 
1 1851:10.0 
0 
1 
1 
2 25:10.0 
2 
2 
0 
2 
0 
0 1852:10.0 
0 1853:10.0 
2 
2 456:10.0 
2 
2 
0 
2 
2 1854:10.0 
1 1856:10.0 1855:10.0 
2 
1 
2 1857:10.0 
2 
0 
2 1858:10.0 
0 
2 495:10.0 
0 139:10.0 
2 
0 
0 
1 
2 
2 
2 1859:10.0 
2 1860:10.0 
2 1861:10.0 
2 
2 
0 
2 
2 25:10.0 
2 
0 857:10.0 
2 
0 
1 
0 
2 
2 1455:10.0 
0 
0 1862:10.0 
0 
2 
2 1863:10.0 
2 
1 1864:10.0 1432:10.0 
1 1865:10.0 
2 
2 
2 25:10.0 
2 
0 
0 
0 
0 
0 
1 
0 
0 
2 420:10.0 492:10.0 
0 
0 
1 
0 
0 
0 1866:10.0 
0 
0 139:10.0 
2 
2 1064:10.0 
2 
0 
0 
1 
2 
2 
0 
0 
2 
2 
2 
2 1867:10.0 
0 331:10.0 
0 
0 857:10.0 
2 613:10.0 25:10.0 
2 922:10.0 25:10.0 
2 1868:10.0 
2 
2 
2 
0 1869:10.0 
0 
0 
2 
0 
2 258:10.0 
2 99:10.0 
1 1870:10.0 
0 
0 
1 
2 
0 
0 33:10.0 
2 1636:10.0 
1 1871:10.0 
0 
0 
2 
2 9:10.0 
2 0:10.0 
0 23:10.0 
1 
2 1872:10.0 
2 
0 
0 80:10.0 
2 
0 1873:10.0 
2 
0 139:10.0 
0 
0 
0 
0 
2 884:10.0 
2 
2 944:10.0 
0 108:10.0 
2 265:10.0 
2 
2 
0 1278:10.0 1874:10.0 
2 1875:10.0 
2 1876:10.0 
1 
0 
2 40:10.0 
1 
0 1877:10.0 
2 
2 
0 899:10.0 
2 
1 1878:10.0 
2 
2 
2 
0 
0 
0 
2 0:10.0 
2 
2 621:10.0 
2 495:10.0 974:10.0 
2 
1 
0 1879:10.0 
0 1025:10.0 
2 
2 
1 
0 1880:10.0 10:10.0 
1 
0 1880:10.0 10:10.0 
2 
2 
0 
0 
2 
2 
0 
0 
0 331:10.0 
0 1881:10.0 
2 
2 
0 
2 
2 
2 
2 
0 
2 
2 40:10.0 168:10.0 
2 
0 
2 1882:10.0 
0 1458:10.0 
2 1883:10.0 
2 1884:10.0 
0 1458:10.0 
2 1885:10.0 
0 
0 1886:10.0 
0 
2 
2 
2 1887:10.0 
0 
2 0:10.0 
0 
2 
2 
2 
0 1888:10.0 
0 0:10.0 
0 
2 1889:10.0 
1 1890:10.0 
2 
0 
0 80:10.0 
1 
0 
2 
0 
0 
0 1891:10.0 
0 1891:10.0 
0 
0 
2 
2 0:10.0 
2 1892:10.0 
0 
2 9:10.0 1764:10.0 
2 1893:10.0 2:10.0 
2 
2 1894:10.0 1895:10.0 
0 
0 
0 80:10.0 
0 1896:10.0 80:10.0 
2 
2 
2 
2 1897:10.0 
1 
2 
1 1898:10.0 
2 
2 
2 394:10.0 
2 1899:10.0 
2 
2 
2 
2 
0 
0 
0 
2 
2 
2 
2 
0 1900:10.0 
2 
2 1901:10.0 1540:10.0 
2 1123:10.0 
0 1902:10.0 
0 1902:10.0 
2 
0 
0 
2 1903:10.0 
0 
2 795:10.0 
0 
2 
0 
0 
0 
1 
1 
2 
2 
2 
2 0:10.0 481:10.0 
1 
0 
2 153:10.0 
0 
0 
0 1904:10.0 
2 287:10.0 
2 
2 
2 1154:10.0 
0 366:10.0 
0 1905:10.0 
0 1905:10.0 
0 1905:10.0 
0 
0 
2 1906:10.0 
2 
0 
2 
2 
0 
2 
2 1907:10.0 
2 1908:10.0 
2 
2 
0 
1 
0 0:10.0 
0 
0 
1 1909:10.0 80:10.0 
2 495:10.0 1910:10.0 
2 1911:10.0 
2 1912:10.0 
2 
0 1129:10.0 
2 
0 
0 74:10.0 
0 74:10.0 
1 
2 
0 
2 
2 
2 10:10.0 
2 
2 725:10.0 
1 
2 0:10.0 
2 
0 1913:10.0 
2 
2 215:10.0 
0 
1 
2 
0 
2 1914:10.0 
0 
2 
1 
2 
0 
0 
1 1636:10.0 1915:10.0 
2 
2 1916:10.0 
2 
0 
2 
1 
0 1917:10.0 
2 
0 
2 
0 1918:10.0 
2 
2 
0 1919:10.0 
2 
2 
2 1540:10.0 
2 
0 508:10.0 
2 
2 
2 99:10.0 
1 1780:10.0 
2 
1 
0 
2 
1 74:10.0 
2 
2 0:10.0 
0 1920:10.0 
2 1921:10.0 
2 
0 
2 
0 1922:10.0 
2 
2 521:10.0 
2 
2 
2 
2 132:10.0 
2 
2 1923:10.0 
0 1924:10.0 
0 1924:10.0 
0 
0 
0 
2 
0 
0 
2 
0 
0 331:10.0 
2 
0 
0 1925:10.0 
2 26:10.0 
0 0:10.0 
0 
2 1926:10.0 
2 
2 
2 0:10.0 
0 
0 
1 
2 1017:10.0 
0 
2 1927:10.0 
1 
2 
0 1928:10.0 481:10.0 
2 
2 1929:10.0 
2 1716:10.0 
2 
1 1930:10.0 
2 1415:10.0 
2 
0 
0 
0 
0 1931:10.0 
1 
0 
2 1128:10.0 
2 
2 
0 89:10.0 
0 
0 25:10.0 
2 
1 1932:10.0 
2 
0 1933:10.0 
0 1934:10.0 
2 
2 
1 
0 
2 
2 
2 
2 
2 1935:10.0 
0 
1 
0 132:10.0 
2 
0 
0 
0 1936:10.0 
2 
2 
1 80:10.0 
0 
0 
2 613:10.0 
2 
2 
2 
2 1937:10.0 
2 
1 
2 
0 1938:10.0 
0 1939:10.0 
2 
2 
2 1426:10.0 
2 
1 290:10.0 
2 0:10.0 
0 1492:10.0 
1 1940:10.0 
2 80:10.0 
2 
0 
0 
0 0:10.0 
1 
2 
0 139:10.0 
2 
2 1941:10.0 
1 
2 
1 
0 
2 
0 
0 
2 0:10.0 
2 
2 1942:10.0 
1 
1 
2 
2 1943:10.0 
2 1127:10.0 
0 
2 1944:10.0 
2 1945:10.0 
2 
2 
1 1946:10.0 
0 
2 
0 
0 10:10.0 
0 163:10.0 1947:10.0 
0 163:10.0 1947:10.0 
0 10:10.0 1948:10.0 
2 
2 215:10.0 
1 
2 
2 851:10.0 
0 
0 
0 
0 1949:10.0 
2 
2 0:10.0 
0 1364:10.0 331:10.0 
2 1950:10.0 
2 1951:10.0 
0 
0 
2 
0 
2 
2 1952:10.0 
0 
0 
0 
0 
1 
0 
2 
0 
2 1953:10.0 
1 
2 
1 
0 1374:10.0 
0 
0 
1 
0 381:10.0 
2 
1 910:10.0 
0 515:10.0 
2 139:10.0 
2 1885:10.0 
0 
2 
2 
2 
2 162:10.0 
2 373:10.0 
1 
2 
2 1458:10.0 
1 
2 1954:10.0 
0 
1 
2 
0 
2 
0 
0 
1 521:10.0 
1 1955:10.0 
2 
0 91:10.0 
0 
2 
1 1956:10.0 
0 
2 380:10.0 
2 641:10.0 1957:10.0 
0 1958:10.0 
0 
2 91:10.0 
1 
0 
2 
2 
1 
0 
0 10:10.0 
1 
2 1959:10.0 
2 759:10.0 1960:10.0 
2 
2 
2 
0 0:10.0 
0 
1 381:10.0 
2 
0 
0 934:10.0 
1 
2 
0 
2 63:10.0 
1 
2 
2 1961:10.0 
0 
0 
1 
2 557:10.0 1205:10.0 
2 962:10.0 
0 
0 
1 1962:10.0 
2 
2 
1 1016:10.0 
0 
2 8:10.0 
2 1814:10.0 
2 
2 1963:10.0 
0 1964:10.0 1965:10.0 
1 80:10.0 
0 921:10.0 
0 921:10.0 
0 
0 
2 1967:10.0 
0 
0 
2 
1 
0 80:10.0 
0 634:10.0 
0 
0 
0 1968:10.0 
2 
0 1969:10.0 
2 
0 
0 
0 1970:10.0 
2 
1 
2 
2 1971:10.0 
2 
2 1972:10.0 
0 
0 1973:10.0 
2 1974:10.0 
0 
2 1975:10.0 
2 
2 
1 
0 
2 641:10.0 
2 
0 
1 
2 1976:10.0 
2 1977:10.0 
2 
1 
2 1978:10.0 
0 
0 
2 0:10.0 
0 1979:10.0 
2 168:10.0 
2 
2 
0 8:10.0 
2 1980:10.0 
0 
0 137:10.0 
0 459:10.0 
1 
0 
0 1981:10.0 
0 
0 
1 
1 0:10.0 
2 1565:10.0 
1 
2 
1 
2 1982:10.0 
2 
2 
2 25:10.0 
2 
0 
0 1283:10.0 
0 1984:10.0 1983:10.0 
1 1985:10.0 
1 
0 
2 
2 
0 
0 
2 499:10.0 
2 26:10.0 
2 0:10.0 
1 
1 1986:10.0 
0 
1 1987:10.0 
0 
2 
0 
0 
1 
0 
2 
2 633:10.0 
2 
0 979:10.0 
2 1988:10.0 
1 
2 
2 2:10.0 
0 
0 375:10.0 
1 
1 577:10.0 
2 1989:10.0 179:10.0 
2 
1 0:10.0 
2 1990:10.0 
2 
0 1991:10.0 
2 
2 
0 
0 
2 1992:10.0 
2 10:10.0 
2 9:10.0 
2 
0 
0 
0 1993:10.0 
2 
2 
1 
0 84:10.0 
2 
0 1994:10.0 
1 
2 1647:10.0 1995:10.0 
2 1996:10.0 
2 
0 1997:10.0 
1 
0 1997:10.0 
2 493:10.0 
2 31:10.0 
1 1608:10.0 
0 270:10.0 
1 1998:10.0 
0 63:10.0 1937:10.0 
0 
0 
1 1999:10.0 
2 
2 
2 2000:10.0 309:10.0 
2 
0 
2 
0 
0 
2 
1 651:10.0 
2 
0 
1 
1 2001:10.0 
2 
2 
0 
1 
2 
0 
2 
2 2002:10.0 
0 
2 2003:10.0 
2 1331:10.0 
0 
2 
2 
0 
0 2004:10.0 74:10.0 
0 229:10.0 
2 
2 300:10.0 
0 
0 2005:10.0 
2 80:10.0 
0 
2 2006:10.0 
2 
2 
2 2007:10.0 
0 
0 
0 2008:10.0 
2 
2 8:10.0 
1 
0 
2 2009:10.0 
1 
2 520:10.0 
0 
2 
2 2010:10.0 
1 
1 
1 
2 
2 
2 2011:10.0 
0 2012:10.0 74:10.0 
0 
0 
0 
2 
2 1078:10.0 
0 
1 
0 2013:10.0 
1 2014:10.0 
2 
0 
0 2016:10.0 2015:10.0 
0 
1 
0 
2 
2 613:10.0 
0 2017:10.0 
2 
0 
2 80:10.0 
0 
0 
0 
0 
0 
1 
0 
2 
2 0:10.0 
1 
2 
0 
0 2018:10.0 
2 521:10.0 
1 
2 25:10.0 
2 2019:10.0 
0 
0 
0 
0 
0 
2 
2 
2 380:10.0 
0 
0 
0 
2 9:10.0 2020:10.0 
2 
2 
2 
0 2021:10.0 
2 613:10.0 
2 
2 2022:10.0 
1 1953:10.0 
2 
0 
0 
1 
2 
0 
2 1788:10.0 
2 
2 508:10.0 
0 
0 
0 
2 2023:10.0 
2 
0 2024:10.0 
0 
0 
0 
2 195:10.0 
0 
0 
1 
0 2025:10.0 
2 
0 
0 557:10.0 
2 
0 1016:10.0 
2 
0 
0 
2 74:10.0 
1 2026:10.0 
1 
1 
0 
0 2027:10.0 
2 
0 2028:10.0 
0 
0 
1 
1 0:10.0 2029:10.0 
0 
2 
0 
2 
0 
0 
2 2030:10.0 
2 507:10.0 
2 
0 
2 
2 
2 
1 2031:10.0 
2 
1 2033:10.0 2032:10.0 
2 80:10.0 
1 331:10.0 
0 
2 113:10.0 
0 
0 
1 
2 
0 
0 
0 
0 
0 
0 
0 
2 2034:10.0 
1 
2 
0 
2 
1 2035:10.0 
2 2036:10.0 
0 2037:10.0 
2 
2 
2 1205:10.0 
2 2038:10.0 
1 2039:10.0 
2 2040:10.0 
1 
0 495:10.0 
0 1263:10.0 
1 2041:10.0 
2 1175:10.0 132:10.0 
0 
2 
2 
2 2042:10.0 
0 99:10.0 
2 
1 2043:10.0 
0 
2 
2 
2 2044:10.0 
1 
1 2045:10.0 
0 
2 
2 
2 9:10.0 
2 613:10.0 
2 25:10.0 
2 
2 
0 290:10.0 
0 
2 
0 2046:10.0 487:10.0 
0 2047:10.0 
2 
0 1930:10.0 
0 
0 
0 2048:10.0 
2 
0 
1 1930:10.0 
0 2049:10.0 
2 261:10.0 
1 
1 
0 2050:10.0 
0 
0 
2 
0 
0 
0 
1 
2 
0 
0 
0 
0 
2 
2 
2 
0 2051:10.0 
0 2051:10.0 
0 108:10.0 
1 
2 
0 108:10.0 
2 
1 187:10.0 
2 
2 
1 
1 
0 
2 
2 2052:10.0 25:10.0 
2 2053:10.0 
0 2054:10.0 
2 
2 
1 381:10.0 
2 
2 
2 
2 
0 430:10.0 
0 74:10.0 
2 
2 
2 
0 
2 
0 270:10.0 
1 
2 
0 803:10.0 
0 10:10.0 
0 
1 2055:10.0 
0 
2 
0 
0 
2 
0 
0 
0 
0 433:10.0 
0 433:10.0 
1 
2 
2 
0 
2 2056:10.0 
2 
0 
0 
2 2057:10.0 
2 1495:10.0 
2 
0 2058:10.0 
2 
0 
2 
0 
2 
2 
2 91:10.0 
2 2059:10.0 
2 
0 
2 
2 2060:10.0 
0 1494:10.0 
2 
1 
2 2061:10.0 
2 2062:10.0 
2 
1 1127:10.0 
2 
1 
0 
2 910:10.0 
0 
2 
0 
0 2063:10.0 
0 
1 120:10.0 
2 378:10.0 
2 
2 2064:10.0 
0 
1 
1 
0 
2 
2 
0 80:10.0 
0 2065:10.0 
2 2066:10.0 
0 
2 
0 
0 
0 
1 
2 
0 
0 2:10.0 
1 
0 
2 
1 2067:10.0 
2 2068:10.0 168:10.0 
1 1427:10.0 
2 
2 
0 
1 2069:10.0 
1 
0 
0 610:10.0 1636:10.0 
2 2070:10.0 
2 
0 
2 1127:10.0 
0 
2 
0 
1 1577:10.0 
1 261:10.0 
2 1237:10.0 
0 
1 
0 
1 
0 
2 
2 25:10.0 
0 2072:10.0 
2 
2 1127:10.0 
0 
2 
1 
0 2073:10.0 
0 
0 
2 
0 
2 719:10.0 
1 
2 341:10.0 
1 
1 1716:10.0 
2 
1 
0 
2 
0 2074:10.0 
0 
2 10:10.0 
0 
0 
0 
0 187:10.0 2075:10.0 
2 0:10.0 
0 
0 2076:10.0 
1 
0 
0 
1 2077:10.0 
1 2078:10.0 
0 
0 
0 
1 
1 
0 
1 
0 
0 
0 
0 0:10.0 
2 1751:10.0 
0 305:10.0 
2 
0 2079:10.0 
0 2080:10.0 
2 
2 
0 99:10.0 
0 
0 
0 
0 
1 
1 
0 
0 
0 
2 
0 
1 
0 2:10.0 
0 2:10.0 
0 2081:10.0 
0 
0 2082:10.0 
0 
2 
1 
1 2083:10.0 2084:10.0 
0 
2 2085:10.0 
0 2086:10.0 
0 
1 
0 99:10.0 
2 2088:10.0 2087:10.0 
0 
2 1355:10.0 
1 2089:10.0 
2 
2 
0 
1 
0 
0 
1 
0 
0 2090:10.0 
2 
2 
2 
0 
2 0:10.0 
0 
0 
2 2091:10.0 
2 9:10.0 641:10.0 
0 
1 
0 2092:10.0 
0 
1 2093:10.0 
0 
0 
0 
0 80:10.0 
0 
1 2094:10.0 
1 
2 1636:10.0 
0 
0 139:10.0 
1 
2 
0 
1 
2 
1 
0 161:10.0 
0 2095:10.0 
1 2096:10.0 
0 
2 
1 
2 
0 
0 74:10.0 
1 
0 
0 
0 
1 779:10.0 
0 2097:10.0 
1 
1 2098:10.0 
1 
2 
2 2099:10.0 
0 
2 
1 
0 
0 1726:10.0 
1 
2 2100:10.0 196:10.0 
1 2101:10.0 
0 
0 
0 
0 
0 
0 
2 
1 2102:10.0 
0 
2 2103:10.0 
1 2:10.0 
2 
2 
1 
0 
0 
0 
1 
0 
0 
0 
1 
2 373:10.0 
0 
0 99:10.0 
2 
2 
0 
0 
1 899:10.0 
0 
0 0:10.0 
2 2104:10.0 
0 
1 599:10.0 
0 
2 378:10.0 
0 
0 
1 2105:10.0 
1 
2 
0 
2 132:10.0 
1 
2 433:10.0 
1 
2 
0 
0 
2 2106:10.0 1326:10.0 
0 
1 
0 
0 99:10.0 
2 
1 1123:10.0 
1 2107:10.0 
1 
1 
0 
0 
0 
0 
0 2108:10.0 
0 
0 
0 
0 
1 
2 436:10.0 288:10.0 
0 2109:10.0 1814:10.0 
0 
0 
1 
1 2110:10.0 
0 80:10.0 
2 
1 
2 
2 
0 
0 
2 150:10.0 
1 2111:10.0 
2 2066:10.0 
1 
0 2112:10.0 
0 
0 0:10.0 
0 0:10.0 
0 
0 
1 1205:10.0 
1 
0 
0 
1 
1 
0 
2 
0 641:10.0 
0 2113:10.0 
1 172:10.0 
0 2114:10.0 
2 
0 421:10.0 
1 
0 2115:10.0 
2 
1 
1 2116:10.0 2117:10.0 
1 2116:10.0 2117:10.0 
1 2116:10.0 2117:10.0 
1 2116:10.0 2117:10.0 
1 2116:10.0 2117:10.0 
1 2116:10.0 2117:10.0 
1 2116:10.0 2117:10.0 
1 2118:10.0 
1 
1 
0 
1 0:10.0 2120:10.0 2119:10.0 
0 
2 
1 
1 2121:10.0 
2 495:10.0 
0 
1 2122:10.0 
0 
1 
1 2123:10.0 
1 1103:10.0 
2 
0 
0 880:10.0 
0 
1 2124:10.0 
2 
1 1127:10.0 
0 2125:10.0 
0 
0 1877:10.0 
1 2126:10.0 
0 
0 904:10.0 
1 
1 
1 2127:10.0 
2 
1 
0 2128:10.0 
0 
0 
1 
0 2129:10.0 
1 
1 
2 
2 
0 2130:10.0 
0 99:10.0 
1 
2 
2 
1 
0 
1 2131:10.0 
1 
0 
0 
0 
0 
0 
0 
0 
1 2132:10.0 
0 
0 
2 
0 
1 
0 
1 289:10.0 
1 
1 2133:10.0 
2 1716:10.0 2134:10.0 
1 970:10.0 
1 
0 1246:10.0 
0 
0 
0 650:10.0 
1 
0 2135:10.0 
0 
2 2136:10.0 
0 
0 
1 2137:10.0 
1 
1 80:10.0 
2 2075:10.0 
0 
0 
1 
1 
0 
0 
2 
1 
2 
1 481:10.0 
0 2135:10.0 
0 2138:10.0 
1 2139:10.0 
1 
2 508:10.0 
0 
0 
1 2140:10.0 2141:10.0 
1 
1 
1 
1 
2 2143:10.0 2142:10.0 
1 
1 
1 
0 
0 2144:10.0 
0 
2 
0 187:10.0 
0 
0 2145:10.0 
1 
0 2146:10.0 
0 2147:10.0 2148:10.0 
0 2147:10.0 2148:10.0 
0 1025:10.0 
1 
1 
0 
1 
1 
1 2149:10.0 
0 
0 
0 80:10.0 
0 2150:10.0 
1 
1 2138:10.0 814:10.0 
0 
1 
0 
2 481:10.0 
0 
2 
2 606:10.0 
0 
0 
2 0:10.0 1671:10.0 
0 
1 
0 
0 
0 
1 
1 92:10.0 
2 908:10.0 
1 
1 
0 
1 
0 
0 
1 2151:10.0 
1 910:10.0 
1 
0 
1 
0 
1 
1 1458:10.0 
1 
1 
0 
1 394:10.0 
0 
0 
1 2152:10.0 
2 2087:10.0 
2 
1 2153:10.0 
1 
0 
2 
1 2155:10.0 2154:10.0 
2 
1 2:10.0 
2 
1 
0 
1 2156:10.0 
0 
0 2157:10.0 
2 
0 2158:10.0 
0 
1 0:10.0 
0 
0 
0 
0 
1 426:10.0 
1 
0 456:10.0 
0 99:10.0 
1 
0 
0 74:10.0 
2 
0 1434:10.0 
0 
1 
1 
0 2159:10.0 
0 2160:10.0 
0 
1 
0 2161:10.0 
1 2120:10.0 
0 
0 
0 
0 
0 
0 
0 
0 
1 2162:10.0 
0 0:10.0 
0 
1 0:10.0 
0 2164:10.0 2163:10.0 
1 0:10.0 
0 
2 210:10.0 
0 0:10.0 
1 31:10.0 2165:10.0 
2 
0 
1 2167:10.0 2166:10.0 
0 
1 
0 
1 
1 
0 341:10.0 
1 
2 
2 
2 
1 
0 99:10.0 
0 
1 
0 
0 991:10.0 
0 1081:10.0 
0 145:10.0 
2 2168:10.0 
2 
0 
0 58:10.0 
2 
1 2035:10.0 2169:10.0 
2 
1 
0 
0 
0 
0 
0 2170:10.0 
2 40:10.0 
2 187:10.0 
0 
2 908:10.0 
0 
0 
0 
0 
0 
0 
0 99:10.0 
1 
1 
0 2171:10.0 
0 
1 
0 
0 
0 2172:10.0 
0 2173:10.0 
1 1974:10.0 
1 
0 
2 
0 2174:10.0 
0 2175:10.0 
0 
0 132:10.0 
0 
0 
2 
0 
2 
0 
0 2177:10.0 
0 10:10.0 
0 
0 
0 
0 
0 
1 
1 2178:10.0 
1 
0 57:10.0 
2 2179:10.0 
1 
1 
1 2180:10.0 
0 
0 2181:10.0 
0 2130:10.0 
0 229:10.0 
1 2182:10.0 
0 
0 2183:10.0 
1 
0 
0 
0 
0 2184:10.0 
2 
0 
0 
1 
2 2185:10.0 
0 
0 179:10.0 430:10.0 
1 
0 
2 
0 
0 
0 2186:10.0 
2 2187:10.0 
1 
0 
0 
1 2188:10.0 
0 
0 
0 
0 
0 
0 1201:10.0 
0 
0 2189:10.0 
0 
0 
1 
1 
0 
0 
0 
0 
0 
0 
1 
0 
0 
0 
1 
0 
0 2190:10.0 
0 
2 
1 
0 
0 
0 2191:10.0 
0 2192:10.0 
2 
0 
0 705:10.0 
0 
0 2193:10.0 
0 
0 
2 
0 
0 
1 
0 301:15.699315773851038 2194:10.0 
0 73:10.0 
2 2195:10.0 
0 
2 
1 
0 652:10.0 
0 
0 
1 
2 
0 
0 2196:10.0 
2 
0 
1 
0 0:10.0 
0 
0 
0 
1 
0 
1 99:10.0 
1 
0 1751:10.0 
0 99:10.0 
2 2:10.0 
0 
2 2197:10.0 2198:10.0 
1 
1 63:10.0 
0 132:10.0 
1 
1 2159:10.0 
1 
0 
0 
0 2199:10.0 
2 
0 
0 
1 2200:10.0 
1 1238:10.0 108:10.0 
1 
0 
0 
0 
0 
2 
0 
0 
0 
2 
1 
2 
0 
0 
1 1398:10.0 
0 
0 
0 2201:10.0 
2 
0 2066:10.0 
0 2202:10.0 
0 
1 0:10.0 
1 2203:10.0 
2 2204:10.0 
2 
1 2205:10.0 
0 2206:10.0 
0 139:10.0 
0 910:10.0 
0 
2 
0 2207:10.0 
0 
2 
2 2208:10.0 
0 
0 
0 
0 2209:10.0 
1 
2 
2 
0 2210:10.0 
2 
2 2211:10.0 
1 1063:10.0 380:10.0 
0 
0 
1 
2 
2 2212:10.0 
1 2213:10.0 
0 2212:10.0 
0 2214:10.0 
2 
2 380:10.0 
1 
1 0:10.0 2215:10.0 
2 
2 2216:10.0 
1 270:10.0 
2 
1 
2 
0 1761:10.0 
1 
1 275:10.0 
1 
1 63:10.0 
0 
1 
0 
0 
2 
0 
0 
0 
0 
0 
2 
1 
2 0:10.0 
1 2217:10.0 
0 636:10.0 
1 
1 
1 2218:10.0 
2 2219:10.0 
0 
0 
1 
2 48:10.0 
0 
1 
0 2220:10.0 
2 
1 
1 2221:10.0 
1 2222:10.0 
1 2223:10.0 
1 
1 1713:10.0 
1 2224:10.0 
0 
0 
2 
0 
0 
0 
1 
2 2225:10.0 
1 
0 
1 
2 
2 0:10.0 
1 0:10.0 
0 
2 
2 
2 
0 
1 2226:10.0 
1 139:10.0 
2 
0 
1 
2 
0 
0 
1 2227:10.0 
2 
2 10:10.0 
1 
0 
1 
2 2228:10.0 
0 
2 63:10.0 
0 
2 
0 
0 
0 
1 
2 2229:10.0 
0 
0 
0 
1 2230:10.0 
0 
0 
0 2231:10.0 
0 
2 
2 
2 
0 1623:10.0 
0 2232:10.0 
1 
1 
2 2233:10.0 
1 
0 
0 
2 
2 2234:10.0 
1 
1 
0 
0 2130:10.0 
2 2235:10.0 
1 
0 2236:10.0 
1 2237:10.0 
1 
1 
2 
0 
0 
0 
0 
0 
0 2238:10.0 
2 
2 2239:10.0 
0 
0 
0 
0 
0 
1 2240:10.0 
0 
1 
0 
0 2242:10.0 2241:10.0 
1 2243:10.0 
0 
2 2244:10.0 2245:10.0 
0 
2 
0 
0 
0 
0 
0 
1 1510:10.0 1798:10.0 
1 
2 
0 2246:10.0 
2 
0 481:10.0 
1 
2 
2 
2 2247:10.0 
0 2248:10.0 
2 
2 
0 
2 
1 2249:10.0 
1 2250:10.0 
1 
2 
0 2251:10.0 
1 
1 
1 
1 
1 
1 
1 
1 
0 
0 
2 2252:10.0 
0 2159:10.0 
0 2159:10.0 
0 2159:10.0 
0 
2 
2 
0 
0 
0 
2 
2 
0 521:10.0 22:10.0 
2 1115:10.0 
0 
2 
1 
2 908:10.0 
0 
2 
0 
2 2:10.0 
0 1964:10.0 
2 
0 
0 2254:10.0 2253:10.0 
0 
2 
0 2:10.0 
0 
2 
0 
1 
0 1203:10.0 2255:10.0 
0 
0 
2 2256:10.0 2257:10.0 
1 
2 
2 
0 
2 
1 
2 
1 
0 
2 2246:10.0 2258:10.0 
0 2259:10.0 
0 961:10.0 
0 961:10.0 
0 
0 2260:10.0 
2 
1 
0 
2 2:10.0 
2 
0 
1 
0 
0 
0 
0 2238:10.0 
0 2238:10.0 
2 
2 1:10.0 
2 480:10.0 
2 
1 
0 
2 1025:10.0 
0 641:10.0 
0 2261:10.0 
1 2262:10.0 2263:10.0 
2 
1 10:10.0 
2 2203:10.0 
1 
1 2044:10.0 
0 
2 2264:10.0 
2 50:10.0 
1 
2 310:10.0 
2 63:10.0 
0 2265:10.0 
0 2266:10.0 
2 
2 
2 
0 
2 
2 2267:10.0 1433:10.0 
1 2268:10.0 
0 2269:10.0 
0 229:10.0 
0 
2 
0 908:10.0 
0 908:10.0 
0 908:10.0 
0 2159:10.0 
2 
2 63:10.0 2270:10.0 
2 
1 
0 2271:10.0 
0 2272:10.0 
0 2272:10.0 
1 
2 
0 
0 80:10.0 
0 
2 
0 
0 
2 99:10.0 
0 63:10.0 
2 0:10.0 
0 
0 
2 
0 
0 2273:10.0 
1 0:10.0 
0 2274:10.0 
1 0:10.0 
2 486:10.0 
1 
2 
2 
0 63:10.0 
1 
0 
0 2275:10.0 
1 2276:10.0 
1 
1 
0 0:10.0 
1 
0 
0 
1 
1 
0 
2 2278:10.0 2277:10.0 
2 1106:10.0 
2 2067:10.0 
2 
0 2279:10.0 2257:10.0 
1 0:10.0 
1 
0 80:10.0 
0 
0 
0 
0 2280:10.0 
1 0:10.0 
2 
2 0:10.0 
2 
0 
2 
2 
0 2281:10.0 
2 
1 80:10.0 
2 
0 
2 
2 2282:10.0 
1 
2 
2 80:10.0 2283:10.0 
2 
0 
0 
2 2284:10.0 2285:10.0 
0 
1 
1 
1 
2 
2 80:10.0 
0 1572:10.0 
1 
2 
0 
0 
2 
0 1025:10.0 2286:10.0 
0 
1 
0 2053:10.0 
1 
2 
0 
0 
0 
0 1376:10.0 
1 2287:10.0 
2 26:10.0 
0 543:10.0 
0 2288:10.0 
1 
0 
0 
2 2289:10.0 
2 
0 
2 
2 2202:10.0 
0 
1 888:10.0 
1 2290:10.0 
2 
0 
0 80:10.0 
0 80:10.0 
2 
1 2291:10.0 
1 
0 
1 
1 
0 
0 
1 
1 
0 
2 0:10.0 
0 
0 2292:10.0 
1 2159:10.0 
2 
0 
0 
1 
0 20:10.0 
1 2293:10.0 
1 2294:10.0 
1 
0 
1 2295:10.0 
0 80:10.0 
0 80:10.0 
0 80:10.0 
1 2159:10.0 
1 
2 
1 2296:10.0 
2 2297:10.0 
1 2298:10.0 
1 2:10.0 
1 
2 
1 63:10.0 
1 456:10.0 2299:10.0 
0 
1 2300:10.0 
0 
0 
0 
0 0:10.0 
1 1376:10.0 
1 
1 
0 
1 1907:10.0 
0 
1 
0 2301:10.0 
0 
0 
0 
0 0:10.0 
1 150:10.0 
0 1276:10.0 
0 
0 80:10.0 
1 
2 2302:10.0 
1 1741:10.0 
2 464:10.0 
0 
