1 
0 6:10.0 
1 
2 10:10.0 8:10.0 
2 
0 11:10.0 
0 
1 
0 12:10.0 
0 
2 
0 14:10.0 
0 
0 
0 15:10.0 
0 
0 
0 
0 
1 17:10.0 
0 
1 
1 
0 18:10.0 
0 
2 
2 6:10.0 
2 21:10.0 
2 22:10.0 
0 
2 23:10.0 
2 
0 
0 
0 24:10.0 
0 24:10.0 
0 24:10.0 
1 8:10.0 
1 23:10.0 25:10.0 
2 24:10.0 26:10.0 
2 
0 27:10.0 
0 27:10.0 
0 
0 
0 
1 
1 
2 6:10.0 28:10.0 
0 
2 6:10.0 29:10.0 
1 30:10.0 
0 
0 
2 31:10.0 8:10.0 
2 
1 
0 
0 
1 
2 
0 
1 
0 
0 
0 
0 
2 32:10.0 
2 
0 33:10.0 
2 
0 34:10.0 
0 34:10.0 
2 
2 
1 
2 6:10.0 
2 
1 
2 
2 35:10.0 
1 
2 36:10.0 
0 
2 
2 
2 6:10.0 
1 
1 
2 11:10.0 37:10.0 
2 6:10.0 
2 38:10.0 
2 
0 39:10.0 8:10.0 
1 
0 
2 
0 
0 
2 
0 
1 
1 
2 
0 
1 
1 
1 40:10.0 
0 
0 
2 
1 
1 8:10.0 
1 
2 
0 
0 
1 
0 41:10.0 
2 42:10.0 
2 43:10.0 
0 
1 
1 44:10.0 
2 11:10.0 45:10.0 
1 
0 
2 8:10.0 
0 
2 
2 
2 6:10.0 
2 
1 46:10.0 
1 
1 47:10.0 
0 
0 
2 
0 
0 6:10.0 
0 6:10.0 
2 
1 
0 6:10.0 
0 
0 48:10.0 
2 50:10.0 49:10.0 
0 
0 51:10.0 
0 51:10.0 
2 52:10.0 
0 23:10.0 
0 44:10.0 
2 
0 6:10.0 
1 
2 
1 
2 
1 
1 
0 54:10.0 53:10.0 
0 54:10.0 53:10.0 
0 
0 
0 
0 
0 29:10.0 
0 29:10.0 
2 
1 55:10.0 
0 56:10.0 
2 
2 57:10.0 
2 58:10.0 59:10.0 
1 60:10.0 
1 
2 
2 
2 62:10.0 61:10.0 
1 
0 
1 63:10.0 
0 64:10.0 
0 64:10.0 
0 
0 
0 
2 8:10.0 
2 
2 
2 
0 
0 66:10.0 65:10.0 
0 66:10.0 65:10.0 
2 
2 67:10.0 
0 
1 
2 
2 
1 
2 
0 
2 9:10.0 68:10.0 
0 69:10.0 
1 
2 
1 70:10.0 
0 71:10.0 
2 
2 
0 72:10.0 
0 26:10.0 
0 
1 
1 8:10.0 
2 
0 
2 
0 
0 73:10.0 
0 73:10.0 
1 52:10.0 
0 74:10.0 
2 
0 75:10.0 
2 
0 
2 
0 
0 
1 
0 
2 
0 76:10.0 
0 
0 
0 77:10.0 
0 
0 
2 
1 
0 
0 
1 
2 
1 8:10.0 
0 78:10.0 
2 
2 
2 79:10.0 
0 8:10.0 
0 80:10.0 
0 
0 80:10.0 
1 81:10.0 
0 
2 82:10.0 
2 83:10.0 
2 
0 
2 
1 
2 84:10.0 
0 
1 
1 87:10.0 
0 
0 
1 
0 88:10.0 
0 6:10.0 
1 
2 
2 46:10.0 
2 16:10.0 
2 46:10.0 
0 
0 
0 
2 
0 
0 89:10.0 90:10.0 
2 
0 91:10.0 92:10.0 
0 
1 
2 93:10.0 
1 94:10.0 
1 
2 
1 95:10.0 
2 
2 
0 
1 
1 
0 
1 
0 
1 
2 
1 
0 
0 
0 
0 
0 
2 
2 
1 
1 
0 
0 
2 
0 
2 96:10.0 
2 
0 97:10.0 
0 97:10.0 
1 
2 46:10.0 
1 99:10.0 98:10.0 
0 16:10.0 
0 16:10.0 
0 
0 
0 8:10.0 
0 100:10.0 
2 
1 
1 
1 
0 
0 
1 
2 101:10.0 
2 103:10.0 102:10.0 
2 
0 
0 
2 
1 
1 
0 104:10.0 
0 105:10.0 
0 
2 
0 106:10.0 
0 
0 
0 
1 107:10.0 
0 
0 
2 
1 
1 108:10.0 
2 109:10.0 
2 44:10.0 
2 110:10.0 
2 111:10.0 
1 
0 
1 
1 24:10.0 
1 24:10.0 
1 24:10.0 
1 24:10.0 
1 24:10.0 
1 24:10.0 
1 24:10.0 
0 
2 103:10.0 
2 
1 
2 112:10.0 
2 
0 99:10.0 
2 
2 
1 8:10.0 
1 113:10.0 
2 
0 
0 
2 
2 
2 114:10.0 
1 
1 
2 
1 
0 
1 6:10.0 
1 82:10.0 110:10.0 
1 
2 116:10.0 115:10.0 
0 
0 
1 117:10.0 
1 
2 8:10.0 118:10.0 
1 
0 119:10.0 120:10.0 
2 
1 
2 
2 121:10.0 
1 
2 
0 
1 
2 
1 
1 122:10.0 
1 
1 123:10.0 
2 
1 6:10.0 
1 
1 124:10.0 
1 125:10.0 
1 126:10.0 
2 127:10.0 
0 97:10.0 
0 
1 
0 
0 
0 
0 128:10.0 
2 
1 
2 
2 
2 129:10.0 
0 130:10.0 
1 
1 
0 131:10.0 
1 132:10.0 
1 77:10.0 
1 
0 133:10.0 
2 
1 
0 
1 
0 134:10.0 
0 134:10.0 
2 42:10.0 
2 135:10.0 
0 136:10.0 
1 
1 137:10.0 
1 
0 11:10.0 
0 
0 
0 
2 
0 
0 
0 
1 
2 
2 
0 139:10.0 73:10.0 
0 139:10.0 73:10.0 
2 
2 140:10.0 
1 
1 11:10.0 
0 
0 
1 142:10.0 141:10.0 
2 
0 24:10.0 
0 24:10.0 
1 
1 
0 
1 
0 
1 
2 
0 143:10.0 144:10.0 
0 143:10.0 144:10.0 
1 
0 
1 
1 
1 
0 145:10.0 
0 145:10.0 
1 146:10.0 
2 147:10.0 
2 
0 148:10.0 
0 148:10.0 
0 
0 
1 
0 
1 
2 149:10.0 
1 
0 
2 151:10.0 150:10.0 
1 
0 152:10.0 
0 62:10.0 
0 62:10.0 
1 
2 
2 153:10.0 
2 
2 154:10.0 
1 
2 155:10.0 
2 24:10.0 
2 
2 
0 156:10.0 
0 156:10.0 
0 156:10.0 
0 
0 
2 140:10.0 
1 
1 
2 157:10.0 
2 
2 24:10.0 158:10.0 
2 
0 
2 
2 159:10.0 
0 
0 
1 
2 
0 
2 
1 160:10.0 
0 161:10.0 
0 161:10.0 
1 
1 
1 
2 
0 
0 16:10.0 
0 
2 162:10.0 
2 
0 
0 
2 
1 
0 163:10.0 
0 
2 
0 
0 
0 
1 
1 165:10.0 164:10.0 
0 
2 
1 
0 
0 
0 
2 166:10.0 
1 
1 167:10.0 
0 
1 
0 99:10.0 168:10.0 
0 99:10.0 168:10.0 
2 
2 
1 
2 30:10.0 
2 
0 
0 
0 
1 
2 
2 169:10.0 
0 
0 
2 170:10.0 
2 23:10.0 
0 16:10.0 
0 
2 171:10.0 
0 
2 
1 
2 
2 172:10.0 
2 99:10.0 
0 
0 
1 16:10.0 
1 173:10.0 
2 
2 
0 174:10.0 
0 175:10.0 
0 175:10.0 
2 176:10.0 
0 
2 177:10.0 
0 
2 11:10.0 
1 178:10.0 
1 179:10.0 
2 
1 180:10.0 
1 181:10.0 
1 
0 182:10.0 44:10.0 
0 182:10.0 44:10.0 
0 
0 
0 
2 
0 
2 
0 
1 21:10.0 
1 
0 11:10.0 29:10.0 
1 183:10.0 
0 184:10.0 99:10.0 
1 46:10.0 
2 
1 
0 
0 6:10.0 
1 
0 52:10.0 
0 6:10.0 
0 
2 23:10.0 
0 
2 
2 185:10.0 
2 186:10.0 
0 
1 
1 
1 187:10.0 
1 16:10.0 
1 188:10.0 
0 
0 
1 
0 
1 
2 
1 189:10.0 
1 
1 
0 
2 
1 
2 190:10.0 
1 
1 
1 191:10.0 
1 
2 6:10.0 
2 
0 
2 192:10.0 
2 
0 193:10.0 
0 193:10.0 
2 
2 
1 
0 194:10.0 
1 
2 
2 
1 46:10.0 
0 195:10.0 
2 
2 196:10.0 44:10.0 
1 
2 
2 
2 
1 21:10.0 
0 
1 
0 197:10.0 
1 198:10.0 
2 
2 
2 
2 
2 
2 
2 
2 
2 
2 
2 
2 
2 
2 
2 
2 
2 
2 
2 
2 
2 
2 
2 
2 
2 
0 
0 
1 199:10.0 
1 52:10.0 200:10.0 
0 
0 201:10.0 
2 
1 
0 169:10.0 
0 169:10.0 
0 
0 
0 
1 
2 202:10.0 
1 
1 
0 16:10.0 
0 16:10.0 
0 
0 
0 
0 
2 
1 203:10.0 
1 
0 
0 
0 204:10.0 
1 205:10.0 
2 
0 
2 
1 206:10.0 
2 
0 
2 
2 65:10.0 
0 
2 207:10.0 
0 6:10.0 
1 
1 
2 208:10.0 209:10.0 
0 
0 
0 
0 
0 210:10.0 
0 7:10.0 
0 210:10.0 
0 210:10.0 
2 44:10.0 
2 
1 211:10.0 
0 
0 212:10.0 
1 
2 
0 
0 
1 
1 
2 
0 213:10.0 
0 
0 
1 214:10.0 
2 215:10.0 
1 216:10.0 
2 217:10.0 
2 218:10.0 
2 
2 
1 160:10.0 
0 
1 219:10.0 
0 
0 
0 220:10.0 
2 
2 
0 
0 44:10.0 
0 44:10.0 
2 
2 15:10.0 
1 
0 221:10.0 140:10.0 
1 
1 124:10.0 175:10.0 
1 
2 
2 147:10.0 
2 
1 
0 
2 222:10.0 
0 223:10.0 
2 
0 
0 24:10.0 
1 225:10.0 224:10.0 
2 
1 46:10.0 
1 
0 65:10.0 
0 
2 
0 
1 
1 
2 
1 226:10.0 
2 
2 129:10.0 
2 
0 175:10.0 
0 175:10.0 
0 
0 
1 
1 
1 
1 
1 
1 
1 
1 87:10.0 227:10.0 
2 
1 228:10.0 
1 11:10.0 
1 
1 
2 
0 124:10.0 
0 
0 
1 
0 
1 
2 
1 
2 229:10.0 
2 
2 
1 
2 
1 230:10.0 
1 
0 
0 
1 
0 231:10.0 
2 
2 44:10.0 
2 
0 232:10.0 
2 44:10.0 
2 
0 233:10.0 
2 
0 
2 
1 234:10.0 
2 235:10.0 
2 99:10.0 
1 
0 236:10.0 
0 
2 237:10.0 
1 238:10.0 
2 
2 
2 
2 
2 
0 239:10.0 
0 
1 
1 
2 46:10.0 
2 131:10.0 
1 
0 
2 240:10.0 
2 
1 235:10.0 
2 
2 24:10.0 
2 
2 44:10.0 
2 90:10.0 
0 11:10.0 
2 
0 241:10.0 
0 99:10.0 
2 
1 
1 
2 11:10.0 
1 
0 242:10.0 
1 
0 
0 
0 243:10.0 244:10.0 
1 
0 245:10.0 
0 
1 6:10.0 
1 
0 246:10.0 
2 247:10.0 
1 
1 248:10.0 
0 
1 
0 99:10.0 
0 99:10.0 
1 92:10.0 
0 43:10.0 
2 
2 249:10.0 
0 
2 
1 
1 
2 250:10.0 
1 
1 251:10.0 
1 
1 252:10.0 
1 253:10.0 
2 
0 197:10.0 
1 
2 
0 
1 82:10.0 
2 
2 
0 254:10.0 
2 
0 255:10.0 6:10.0 
2 
2 
1 
0 
1 
1 
0 
0 
0 256:10.0 
0 
2 
0 52:10.0 
0 
0 11:10.0 
2 257:10.0 
1 
1 
2 
0 258:10.0 
1 
1 
0 
2 
1 
0 
0 
1 
1 
0 259:10.0 
2 7:10.0 
1 260:10.0 
1 
2 
1 
1 198:10.0 
0 261:10.0 
0 
0 
2 
1 
2 
1 
1 
2 
0 262:10.0 
1 
0 263:10.0 
1 
1 
1 
1 
1 
1 
1 
2 264:10.0 
0 265:10.0 
1 266:10.0 
1 
0 
2 260:10.0 
0 
1 
1 
1 267:10.0 268:10.0 
2 
1 267:10.0 268:10.0 
1 267:10.0 268:10.0 
1 267:10.0 268:10.0 
1 267:10.0 268:10.0 
1 267:10.0 268:10.0 
1 267:10.0 268:10.0 
0 269:10.0 270:10.0 
1 271:10.0 
1 273:10.0 272:10.0 
2 
0 131:10.0 274:10.0 
1 6:10.0 
1 
2 275:10.0 
1 92:10.0 
1 
2 144:10.0 
0 276:10.0 
1 
2 277:10.0 
0 
0 
2 
1 
2 
2 
2 
1 16:10.0 
2 279:10.0 278:10.0 
0 280:10.0 
2 
0 
1 102:10.0 
1 281:10.0 
0 
0 11:10.0 
1 282:10.0 
1 
0 
2 
1 
2 
0 
0 
0 
0 
1 
0 128:10.0 
0 
2 
0 144:10.0 
1 46:10.0 
0 
1 
2 283:10.0 284:10.0 
1 
1 285:10.0 
1 23:10.0 
2 286:10.0 
2 26:10.0 
0 
0 
1 287:10.0 
0 
0 29:10.0 
1 289:10.0 288:10.0 
0 290:10.0 
0 
0 291:10.0 
0 
1 
2 
0 23:10.0 
0 23:10.0 
1 
2 
2 292:10.0 
2 
0 
0 
0 293:10.0 
1 294:10.0 
1 188:10.0 
2 
2 125:10.0 
1 295:10.0 
2 296:10.0 262:10.0 
1 
0 297:10.0 
0 297:10.0 
0 
0 
2 
1 
1 
2 
2 
2 298:10.0 
0 299:10.0 
1 
1 
1 300:10.0 
1 
2 
0 
1 
0 
0 301:10.0 
2 
1 
1 11:10.0 
2 
1 
0 302:10.0 
0 303:10.0 
2 
1 
2 
1 
2 304:10.0 
0 
2 
1 305:10.0 
2 11:10.0 
2 
1 306:10.0 
0 307:10.0 
1 308:10.0 
1 309:10.0 
0 
0 
0 
1 
1 
1 
0 310:10.0 
0 310:10.0 
0 98:10.0 
2 
1 311:10.0 
0 
0 
1 125:10.0 
1 
2 
2 11:10.0 312:10.0 
2 
0 
0 313:10.0 
0 
1 
1 
0 
1 
0 
1 
2 
2 44:10.0 
2 232:10.0 
1 314:10.0 
0 
0 
0 
2 
0 315:10.0 
1 
2 316:10.0 
1 
1 
0 
1 
2 
2 
2 317:10.0 
2 
2 
1 
2 
0 
0 79:10.0 318:10.0 
1 
1 
1 
0 319:10.0 
0 
0 
0 
2 320:10.0 
0 
1 
2 
0 
0 
1 175:10.0 
1 
0 44:10.0 
0 44:10.0 
0 321:10.0 
1 322:10.0 
1 
0 
0 
0 
2 
2 
2 
2 
2 
2 324:10.0 
2 
2 
1 16:10.0 
2 
0 
2 
2 325:10.0 
2 106:10.0 
2 
1 
0 
0 232:10.0 
1 
2 
1 
2 326:10.0 
0 
2 
0 7:10.0 246:10.0 
0 7:10.0 246:10.0 
2 11:10.0 
2 29:10.0 
1 
2 327:10.0 
0 328:10.0 
2 329:10.0 
0 
0 
1 
2 330:10.0 
1 
1 
0 
0 
2 
1 
1 
2 331:10.0 
0 
1 7:10.0 
2 70:10.0 
0 
0 
2 
1 
0 
0 
2 332:10.0 
1 
1 
1 
1 
1 
1 
1 
1 333:10.0 
1 
2 334:10.0 
1 
2 67:10.0 
0 
0 335:10.0 
0 
0 
0 
2 228:10.0 
2 
0 
1 336:10.0 
0 337:10.0 
2 338:10.0 
0 
2 
0 339:10.0 
0 339:10.0 
1 
1 110:10.0 
2 
1 
1 11:10.0 
2 
2 
2 
2 
2 
2 
2 
2 
2 
2 
2 
2 
2 
2 
2 
2 
2 
2 
2 
2 
2 
2 
2 
2 
2 
2 
1 340:10.0 
1 
1 
2 
2 341:10.0 
2 
2 16:10.0 342:10.0 
1 
1 343:10.0 
0 
0 
1 
0 
1 
0 
1 344:10.0 
2 
1 
1 
2 
1 
1 
2 
1 
0 11:10.0 345:10.0 
2 
1 46:10.0 
1 
1 
2 
0 
2 
0 
2 346:10.0 
1 
1 
1 
0 106:10.0 
1 347:10.0 
1 
0 348:10.0 
0 
1 
0 
0 
0 
1 
0 349:10.0 
0 349:10.0 
1 
1 350:10.0 
2 351:10.0 
2 
2 
1 
1 
1 
0 
0 352:10.0 
2 11:10.0 
2 
1 
2 
1 
1 
0 
0 
2 353:10.0 
0 354:10.0 
0 354:10.0 
2 355:10.0 
1 356:10.0 
2 63:10.0 
1 
1 
1 
1 99:10.0 
1 
2 358:10.0 
2 
2 
2 
2 
2 
2 
2 
2 
2 
2 
2 
2 
2 
2 
2 
2 
2 
2 
2 
2 
2 
2 
2 
2 
2 
0 
2 
0 359:10.0 
0 
0 
2 
2 
0 46:10.0 
0 46:10.0 
0 
1 
1 
1 
1 
0 360:10.0 
0 360:10.0 
0 
1 
0 361:10.0 
2 
2 
0 362:10.0 
0 362:10.0 
2 
2 
0 
0 
2 
2 
0 363:10.0 
0 364:10.0 
2 
0 364:10.0 
0 
1 
0 
0 
0 
2 
2 131:10.0 
0 
2 365:10.0 
0 
2 
1 366:10.0 
0 76:10.0 
2 
2 
1 
0 144:10.0 
2 
1 
1 
0 
0 
0 
1 
1 
0 
0 
2 
0 
0 
1 367:10.0 
2 
2 368:10.0 
1 
1 369:10.0 
2 
1 36:10.0 
2 370:10.0 
2 
2 
1 
2 
0 371:10.0 
1 372:10.0 
2 
1 
1 373:10.0 
0 
2 
0 
1 374:10.0 
0 
1 
0 
2 375:10.0 
0 
0 
0 
0 
0 26:10.0 
0 26:10.0 
2 376:10.0 
0 
0 24:10.0 
2 350:10.0 377:10.0 
0 52:10.0 92:10.0 
0 52:10.0 92:10.0 
0 52:10.0 92:10.0 
2 
0 378:10.0 
2 379:10.0 
1 380:10.0 
0 381:10.0 
2 99:10.0 
0 23:10.0 
0 
0 
1 
1 21:10.0 
2 
2 11:10.0 382:10.0 
2 383:10.0 
2 
0 
1 
0 
0 
0 
0 
1 
2 384:10.0 
1 
1 
2 
2 385:10.0 
0 
1 
0 11:10.0 
1 
2 
0 
0 16:10.0 
0 
1 
0 386:10.0 387:10.0 
0 386:10.0 387:10.0 
0 
1 
1 
0 388:10.0 
1 
0 
1 
1 23:10.0 
1 
2 389:10.0 
0 
0 125:10.0 
0 
2 
0 
2 390:10.0 
2 
2 391:10.0 
1 
1 
2 280:10.0 
0 
0 
1 392:10.0 
1 
0 
1 393:10.0 
0 
0 394:10.0 
0 
2 
2 
1 
2 7:10.0 24:10.0 
2 
2 11:10.0 
0 7:10.0 
2 
2 
1 395:10.0 
0 
0 
2 16:10.0 
0 
0 396:10.0 
0 396:10.0 
0 396:10.0 
0 397:10.0 
2 399:10.0 398:10.0 
0 
1 
2 
2 
0 
2 400:10.0 
2 
2 401:10.0 
1 
2 
1 402:10.0 
1 
1 42:10.0 
0 
0 24:10.0 
0 132:10.0 
2 57:10.0 
2 
1 
2 368:10.0 
1 
1 403:10.0 
1 
2 404:10.0 
1 149:10.0 405:10.0 
1 406:10.0 
2 316:10.0 
2 
1 
2 
2 407:10.0 
0 
0 
1 
0 
0 
1 
1 
2 
2 
2 
2 
1 
2 
2 
2 
2 
2 
2 
2 
2 
2 
2 
2 
2 
2 
2 
2 
2 
2 
2 
2 
2 
2 
2 
2 
1 
0 198:10.0 
0 198:10.0 
0 
2 
1 
1 408:10.0 
1 
2 409:10.0 
1 411:10.0 410:10.0 
0 
1 412:10.0 
0 
2 414:10.0 413:10.0 
2 
1 
2 
0 
0 
0 
1 
2 415:10.0 
1 416:10.0 
1 418:10.0 417:10.0 
2 419:10.0 
0 
0 
1 
2 
0 11:10.0 
0 
1 
1 
0 
0 
2 420:10.0 
0 
1 
2 
1 
0 
0 
1 
0 421:10.0 
1 
0 
2 422:10.0 
0 11:10.0 
1 
1 16:10.0 
0 34:10.0 
1 
1 
2 321:10.0 
2 423:10.0 
0 
2 321:10.0 
0 
0 
0 
2 
2 
2 424:10.0 
0 425:10.0 
0 
2 426:10.0 
2 427:10.0 
0 
0 
0 
2 428:10.0 
2 
2 
2 44:10.0 
1 
1 
0 
1 
1 429:10.0 
1 430:10.0 
0 
2 
0 
0 
0 
2 432:10.0 
1 
1 11:10.0 
0 
0 
0 
1 433:10.0 
2 
0 434:10.0 
0 
0 
1 11:10.0 
0 435:10.0 
1 
0 11:10.0 418:10.0 
2 436:10.0 437:10.0 
2 
1 
2 438:10.0 
2 439:10.0 
2 
2 440:10.0 
0 
0 24:10.0 
0 
2 
1 
1 
2 378:10.0 
1 
0 
0 92:10.0 
0 92:10.0 
0 92:10.0 
1 441:10.0 
0 
0 
2 
2 11:10.0 
1 442:10.0 
2 443:10.0 
1 
0 209:10.0 
0 209:10.0 
0 209:10.0 
1 
2 444:10.0 
0 
0 
2 
2 
0 
1 11:10.0 
0 11:10.0 
1 
1 
2 
1 
0 
0 
1 
2 445:10.0 238:10.0 
2 
1 
2 
2 
2 
1 9:10.0 
2 
0 
2 
0 446:10.0 
0 446:10.0 
0 446:10.0 
2 
1 
1 
0 447:10.0 
0 
0 
0 
0 67:10.0 
1 57:10.0 
1 
2 448:10.0 
1 
1 332:10.0 
0 
2 
1 
1 
1 
2 
1 
1 
0 372:10.0 
1 
1 
0 
1 
1 189:10.0 
2 
1 
1 
1 449:10.0 
1 
0 
0 
1 46:10.0 
0 24:10.0 
1 11:10.0 
1 
1 
0 
2 450:10.0 
0 
0 
2 
0 451:10.0 
1 
2 46:10.0 
0 
0 
0 57:10.0 452:10.0 
2 
2 
2 
0 453:10.0 
2 
2 
1 
1 
2 
1 
2 
2 
2 
0 
0 
2 454:10.0 
2 
2 
0 
2 455:10.0 
0 
2 456:10.0 
0 
2 
2 
0 
0 
1 
1 24:10.0 
0 457:10.0 
2 
0 
0 
0 
2 
2 
2 
0 
0 
2 
2 
2 
0 
2 458:10.0 
1 459:10.0 
2 11:10.0 
0 460:10.0 461:10.0 
2 462:10.0 
1 
1 
2 
1 465:10.0 
2 42:10.0 
2 466:10.0 
2 11:10.0 
0 
0 467:10.0 
2 
1 179:10.0 
0 
2 
0 468:10.0 
2 
0 106:10.0 
0 
2 
2 469:10.0 
0 
2 
1 
2 
0 470:10.0 
1 
2 
0 
0 
0 
2 24:10.0 
2 471:10.0 
2 472:10.0 
2 
1 
1 
0 
2 
2 473:10.0 
0 
2 
0 90:10.0 
2 209:10.0 
1 7:10.0 
2 474:10.0 475:10.0 
0 24:10.0 
0 24:10.0 
0 
2 476:10.0 
2 477:10.0 
0 
1 478:10.0 
2 
0 453:10.0 479:10.0 
2 
0 
0 
0 
0 
2 
0 
0 
0 46:10.0 
0 46:10.0 
0 
1 11:10.0 
1 
2 
2 
2 480:10.0 
1 
2 481:10.0 
0 
0 
2 
0 
0 
2 482:10.0 
1 
0 
2 
2 
0 483:10.0 
2 
1 11:10.0 
0 
2 484:10.0 
1 
1 
0 
0 277:10.0 
2 
2 
1 
2 
2 
2 327:10.0 
2 
2 
2 
2 
2 
0 
0 
0 
0 485:10.0 
2 
0 486:10.0 
1 
2 487:10.0 
2 
0 
2 
2 
2 
2 488:10.0 489:10.0 
1 183:10.0 24:10.0 
0 490:10.0 
0 
0 
0 
1 
1 
1 
1 
1 
1 
2 145:10.0 
0 
0 
2 
1 
0 491:10.0 
0 491:10.0 
2 
2 
0 46:10.0 
0 46:10.0 
0 79:10.0 
2 
2 
2 
0 
0 
0 
0 
0 306:10.0 
2 208:10.0 
1 
1 
0 
0 103:10.0 
0 
0 
0 
0 
2 
1 
1 
2 493:10.0 
0 
0 
2 
0 300:10.0 
0 
2 
1 
2 
0 
2 67:10.0 
0 494:10.0 
0 495:10.0 
0 495:10.0 
2 
0 
2 67:10.0 
1 
2 
1 
0 
1 
2 
0 62:10.0 
0 
0 
1 496:10.0 
2 
2 
2 
1 
0 497:10.0 
2 
2 
2 
0 
2 
1 
0 
2 
0 498:10.0 273:10.0 
2 
0 
2 
0 
0 
0 11:10.0 
0 500:10.0 
0 
2 
2 
0 501:10.0 
0 501:10.0 
2 
0 502:10.0 
0 
2 11:12.821667561201019 
2 503:10.0 
1 
0 504:10.0 
2 505:10.0 
0 
0 
0 
0 506:10.0 
0 506:10.0 
0 
0 
2 
2 
2 507:10.0 
0 
0 
0 
1 
0 508:10.0 
0 508:10.0 
1 
1 
2 
0 
0 
2 509:10.0 
2 11:10.0 
0 
0 
2 
2 
2 67:10.0 
0 511:10.0 
0 511:10.0 
2 
1 
0 46:10.0 
1 371:10.0 
1 
2 
0 
1 
1 
0 
0 11:10.0 
0 512:10.0 
1 
2 
0 
0 
0 11:10.0 
0 
0 
0 514:10.0 
2 43:10.0 
0 515:10.0 
0 
1 
0 
0 
2 
2 
1 24:10.0 
0 
2 332:10.0 
2 9:10.0 
0 
2 
2 
0 
2 517:10.0 
2 
1 518:10.0 
1 
1 
0 
2 
2 
0 
0 
1 519:10.0 
2 209:10.0 
0 
0 
2 
0 520:10.0 
2 
2 
0 
0 
0 521:10.0 185:10.0 
0 522:10.0 
1 
0 523:10.0 67:10.0 
2 524:10.0 525:10.0 
0 
1 
0 24:10.0 
2 
1 526:10.0 
0 
2 527:10.0 
1 
0 529:10.0 
0 529:10.0 
1 
2 
0 
0 531:10.0 530:10.0 
2 378:10.0 
0 532:10.0 
1 
2 
2 533:10.0 
0 
0 534:10.0 
0 11:10.0 
1 
0 11:10.0 
2 
2 
0 24:10.0 
0 535:10.0 
0 
2 536:10.0 
0 
2 419:10.0 
0 
0 
0 
2 
1 
1 
1 
1 
1 
1 
1 
0 
0 
2 
2 
0 537:10.0 
0 
0 
0 
0 
1 
1 
0 
1 538:10.0 
0 
0 
2 
1 
0 
2 539:10.0 
0 241:10.0 
1 
2 
1 
0 24:10.0 
2 
0 540:10.0 
2 519:10.0 541:10.0 
2 519:10.0 541:10.0 
2 519:10.0 541:10.0 
2 519:10.0 541:10.0 
2 519:10.0 541:10.0 
2 519:10.0 541:10.0 
2 519:10.0 541:10.0 
2 519:10.0 541:10.0 
2 519:10.0 541:10.0 
2 519:10.0 541:10.0 
2 519:10.0 541:10.0 
2 519:10.0 541:10.0 
2 519:10.0 541:10.0 
2 519:10.0 541:10.0 
2 519:10.0 541:10.0 
2 519:10.0 541:10.0 
2 519:10.0 541:10.0 
2 519:10.0 541:10.0 
2 519:10.0 541:10.0 
2 519:10.0 541:10.0 
2 519:10.0 541:10.0 
2 519:10.0 541:10.0 
2 519:10.0 541:10.0 
2 519:10.0 541:10.0 
2 519:10.0 541:10.0 
0 
2 
1 
0 527:10.0 542:10.0 
0 
0 
0 
0 
0 
0 543:10.0 
0 545:10.0 544:10.0 
1 
0 
0 
0 
0 
2 
1 
2 546:10.0 
2 
2 
1 
1 
0 
0 
0 
1 46:10.0 
1 
2 
2 
0 547:10.0 
1 
0 548:10.0 
2 
0 
0 
1 
0 
0 
1 
0 11:10.0 
2 
0 
1 
1 
1 549:10.0 
2 
0 
0 
0 
1 550:10.0 551:10.0 
1 
2 46:10.0 
2 11:10.0 
0 
0 552:10.0 
0 
0 
0 92:10.0 
0 
1 42:10.0 
2 553:10.0 
2 
0 554:10.0 
2 321:10.0 
0 
1 
0 24:10.0 
1 
0 
2 555:10.0 
0 556:10.0 
1 557:10.0 
0 558:10.0 
1 559:10.0 
0 51:10.0 
1 
1 276:10.0 
0 560:10.0 
1 
0 11:10.0 
0 
1 
0 144:10.0 
0 24:10.0 
0 
1 
0 
0 561:10.0 
1 
0 
0 
0 562:10.0 
0 
2 
0 
1 
0 144:10.0 
0 
0 24:10.0 
0 
0 
0 
0 562:10.0 
0 
0 24:10.0 
0 24:10.0 
0 
0 563:10.0 
0 564:10.0 
0 
0 241:10.0 565:10.0 
0 
1 566:10.0 
1 
0 567:10.0 
0 567:10.0 
0 
1 568:10.0 
0 
0 
0 
2 
1 519:10.0 
2 202:10.0 
0 
0 569:10.0 
2 
0 
0 
0 
0 
0 
2 570:10.0 
2 
2 
0 43:10.0 
0 
0 
0 
2 24:10.0 
2 571:10.0 
2 
0 
0 
0 
2 
2 
0 
2 
2 
1 
0 572:10.0 
2 24:10.0 
0 573:10.0 
0 574:10.0 
2 
0 
1 
1 
0 575:10.0 
0 
0 
2 
2 
2 
2 
2 
2 
2 
2 
2 
2 
2 
2 
2 
2 
2 
2 
2 
2 
2 
2 
2 
2 
2 
2 
2 
0 
0 
0 92:10.0 
0 
2 24:10.0 
0 
0 24:10.0 
0 576:10.0 
2 
2 
0 92:10.0 
0 92:10.0 
2 
2 577:10.0 
2 
0 
0 
0 
2 
2 578:10.0 
2 
0 579:10.0 
0 
0 
0 
0 
0 
0 580:10.0 
0 580:10.0 
0 581:10.0 582:10.0 
0 583:10.0 
0 583:10.0 
1 
0 
1 
2 
2 584:10.0 
0 92:10.0 
0 585:10.0 
0 
2 
0 
0 
0 
0 
2 
0 50:10.0 
2 586:10.0 
2 
0 587:10.0 
0 
0 
0 588:10.0 
0 
0 
2 
0 589:10.0 
2 
2 
0 
0 
1 
1 11:10.0 591:10.0 590:10.0 
1 
0 
1 
0 
1 
0 592:10.0 
1 593:10.0 
1 
0 
0 
